{{tm=0;["Torso"]={cf=cfr(0,0,0,.985,-.173,-.008,.172,.97,.173,-.023,-.172,.985);es="Linear";ed="In";};["Head"]={cf=cfr(0,0,0,.985,.173,-.015,-.171,.951,-.258,-.03,.256,.966);es="Linear";ed="In";};["Left Arm"]={cf=cfr(-.037,-.706,.083,-.822,.493,.285,-.461,-.87,.174,.334,.012,.943);es="Linear";ed="In";};["Handle"]={cf=cfr(0,0,0,.981,-.173,.087,.184,.691,-.699,.061,.702,.71);es="Linear";ed="In";};["Part"]={cf=cfr(0,0,0,1,0,0,0,1,0,0,0,1);es="Linear";ed="In";};["Left Leg"]={cf=cfr(-1.157,.528,-.016,.704,-.71,-.027,.697,.683,.217,-.136,-.171,.976);es="Linear";ed="In";};["Right Arm"]={cf=cfr(0,0,0,.962,.216,-.167,-.133,.905,.404,.238,-.367,.899);es="Linear";ed="In";};["Right Leg"]={cf=cfr(0,0,0,.867,.498,-.032,-.492,.863,.119,.087,-.087,.992);es="Linear";ed="In";};};{tm=.167;["Torso"]={cf=cfr(0,0,0,.985,-.173,-.013,.172,.964,.201,-.023,-.201,.979);es="Linear";ed="In";};["Head"]={cf=cfr(0,0,0,.985,.172,-.02,-.171,.943,-.285,-.03,.284,.958);es="Linear";ed="In";};["Left Arm"]={cf=cfr(-.037,-.706,.083,-.815,.505,.285,-.474,-.863,.174,.334,.007,.943);es="Linear";ed="In";};["Handle"]={cf=cfr(0,0,0,.981,-.173,.087,.184,.691,-.699,.061,.702,.71);es="Linear";ed="In";};["Part"]={cf=cfr(0,0,0,1,0,0,0,1,0,0,0,1);es="Linear";ed="In";};["Left Leg"]={cf=cfr(-1.157,.528,-.016,.683,-.73,-.027,.717,.663,.217,-.14,-.167,.976);es="Linear";ed="In";};["Right Arm"]={cf=cfr(0,0,0,.959,.23,-.167,-.146,.903,.404,.243,-.363,.899);es="Linear";ed="In";};["Right Leg"]={cf=cfr(0,0,0,.844,.535,-.032,-.529,.84,.119,.091,-.083,.992);es="Linear";ed="In";};};{tm=.333;["Torso"]={cf=cfr(0,0,0,.985,-.17,-.033,.172,.934,.312,-.023,-.313,.95);es="Linear";ed="In";};["Head"]={cf=cfr(0,0,0,.985,.169,-.04,-.171,.904,-.393,-.03,.394,.919);es="Linear";ed="In";};["Left Arm"]={cf=cfr(-.037,-.706,.083,-.784,.551,.285,-.523,-.834,.174,.334,-.013,.943);es="Linear";ed="In";};["Handle"]={cf=cfr(0,0,0,.981,-.173,.087,.184,.691,-.699,.061,.702,.71);es="Linear";ed="In";};["Part"]={cf=cfr(0,0,0,1,0,0,0,1,0,0,0,1);es="Linear";ed="In";};["Left Leg"]={cf=cfr(-1.157,.528,-.016,.594,-.804,-.027,.789,.575,.217,-.159,-.15,.976);es="Linear";ed="In";};["Right Arm"]={cf=cfr(0,0,0,.944,.285,-.167,-.198,.893,.404,.264,-.348,.899);es="Linear";ed="In";};["Right Leg"]={cf=cfr(0,0,0,.738,.674,-.032,-.667,.736,.119,.104,-.066,.992);es="Linear";ed="In";};};{tm=.5;["Torso"]={cf=cfr(0,0,0,.985,-.169,-.038,.172,.925,.339,-.023,-.34,.94);es="Linear";ed="In";};["Head"]={cf=cfr(0,0,0,.985,.168,-.045,-.171,.892,-.419,-.03,.42,.907);es="Linear";ed="In";};["Left Leg"]={cf=cfr(-1.157,.528,-.016,.57,-.821,-.027,.805,.552,.217,-.163,-.145,.976);es="Linear";ed="In";};["Right Arm"]={cf=cfr(0,0,0,.94,.299,-.167,-.211,.89,.404,.269,-.344,.899);es="Linear";ed="In";};["Right Leg"]={cf=cfr(0,0,0,.708,.705,-.032,-.698,.706,.119,.106,-.062,.992);es="Linear";ed="In";};["Left Arm"]={cf=cfr(-.037,-.706,.083,-.776,.563,.285,-.535,-.827,.174,.333,-.017,.943);es="Linear";ed="In";};};{tm=.667;["Torso"]={cf=cfr(0,0,0,.985,-.17,-.033,.172,.934,.312,-.023,-.313,.95);es="Linear";ed="In";};["Head"]={cf=cfr(0,0,0,.985,.169,-.04,-.171,.904,-.393,-.03,.394,.919);es="Linear";ed="In";};["Left Arm"]={cf=cfr(-.037,-.706,.083,-.784,.551,.285,-.523,-.834,.174,.334,-.013,.943);es="Linear";ed="In";};["Handle"]={cf=cfr(0,0,0,.981,-.173,.087,.184,.691,-.699,.061,.702,.71);es="Linear";ed="In";};["Part"]={cf=cfr(0,0,0,1,0,0,0,1,0,0,0,1);es="Linear";ed="In";};["Left Leg"]={cf=cfr(-1.157,.528,-.016,.594,-.804,-.027,.789,.575,.217,-.159,-.15,.976);es="Linear";ed="In";};["Right Arm"]={cf=cfr(0,0,0,.944,.285,-.167,-.198,.893,.404,.264,-.348,.899);es="Linear";ed="In";};["Right Leg"]={cf=cfr(0,0,0,.738,.674,-.032,-.667,.736,.119,.104,-.066,.992);es="Linear";ed="In";};};{tm=.833;["Torso"]={cf=cfr(0,0,0,.985,-.173,-.013,.172,.964,.201,-.023,-.201,.979);es="Linear";ed="In";};["Head"]={cf=cfr(0,0,0,.985,.172,-.02,-.171,.943,-.285,-.03,.284,.958);es="Linear";ed="In";};["Left Arm"]={cf=cfr(-.037,-.706,.083,-.815,.505,.285,-.474,-.863,.174,.334,.007,.943);es="Linear";ed="In";};["Handle"]={cf=cfr(0,0,0,.981,-.173,.087,.184,.691,-.699,.061,.702,.71);es="Linear";ed="In";};["Part"]={cf=cfr(0,0,0,1,0,0,0,1,0,0,0,1);es="Linear";ed="In";};["Left Leg"]={cf=cfr(-1.157,.528,-.016,.683,-.73,-.027,.717,.663,.217,-.14,-.167,.976);es="Linear";ed="In";};["Right Arm"]={cf=cfr(0,0,0,.959,.23,-.167,-.146,.903,.404,.243,-.363,.899);es="Linear";ed="In";};["Right Leg"]={cf=cfr(0,0,0,.844,.535,-.032,-.529,.84,.119,.091,-.083,.992);es="Linear";ed="In";};};{tm=1;["Torso"]={cf=cfr(0,0,0,.985,-.173,-.008,.172,.97,.173,-.023,-.172,.985);es="Linear";ed="In";};["Head"]={cf=cfr(0,0,0,.985,.173,-.015,-.171,.951,-.258,-.03,.256,.966);es="Linear";ed="In";};["Left Arm"]={cf=cfr(-.037,-.706,.083,-.822,.493,.285,-.461,-.87,.174,.334,.012,.943);es="Linear";ed="In";};["Handle"]={cf=cfr(0,0,0,.981,-.173,.087,.184,.691,-.699,.061,.702,.71);es="Linear";ed="In";};["Part"]={cf=cfr(0,0,0,1,0,0,0,1,0,0,0,1);es="Linear";ed="In";};["Left Leg"]={cf=cfr(-1.157,.528,-.016,.704,-.71,-.027,.697,.683,.217,-.136,-.171,.976);es="Linear";ed="In";};["Right Arm"]={cf=cfr(0,0,0,.962,.216,-.167,-.133,.905,.404,.238,-.367,.899);es="Linear";ed="In";};["Right Leg"]={cf=cfr(0,0,0,.867,.498,-.032,-.492,.863,.119,.087,-.087,.992);es="Linear";ed="In";};};}
