{{tm=0;["Torso"]={cf=cfr(0,0,-.1,.985,-.173,-.008,.173,.981,.087,-.008,-.087,.996);es="Linear";ed="In";};["Head"]={cf=cfr(0,0,0,.985,.171,-.03,-.174,.97,-.171,0,.174,.985);es="Linear";ed="In";};["Left Arm"]={cf=cfr(-.054,-.707,.081,-.776,.563,.285,-.535,-.827,.174,.333,-.017,.943);es="Linear";ed="In";};["Handle"]={cf=cfr(0,0,0,.981,-.173,.087,.184,.691,-.699,.061,.702,.71);es="Linear";ed="In";};["Part"]={cf=cfr(0,0,0,1,0,0,0,1,0,0,0,1);es="Linear";ed="In";};["Left Leg"]={cf=cfr(-.028,.105,.091,.955,-.258,.146,.24,.962,.128,-.173,-.087,.981);es="Linear";ed="In";};["Right Arm"]={cf=cfr(-.009,-.1,0,.94,.074,-.333,.015,.966,.258,.341,-.248,.907);es="Linear";ed="In";};["Right Leg"]={cf=cfr(.109,.207,.072,.982,.172,-.072,-.157,.971,.18,.101,-.166,.981);es="Linear";ed="In";};};{tm=.167;["Torso"]={cf=cfr(0,.039,-.025,.979,-.202,-.007,.202,.977,.075,-.008,-.075,.997);es="Linear";ed="In";};["Head"]={cf=cfr(0,0,0,.985,.169,-.04,-.174,.959,-.224,0,.228,.974);es="Linear";ed="In";};["Left Leg"]={cf=cfr(-.015,.042,.096,.968,-.2,.152,.183,.976,.117,-.172,-.086,.981);es="Linear";ed="In";};["Right Leg"]={cf=cfr(.096,.128,.085,.986,.148,-.077,-.132,.976,.174,.101,-.161,.982);es="Linear";ed="In";};["Left Arm"]={cf=cfr(-.034,-.707,-.017,-.764,.577,.289,-.575,-.812,.098,.291,-.091,.952);es="Linear";ed="In";};};{tm=.25;["Right Arm"]={cf=cfr(-.009,-.1,0,.951,.056,-.305,.034,.959,.283,.309,-.279,.909);es="Linear";ed="In";};};{tm=.333;["Torso"]={cf=cfr(0,.053,0,.976,-.218,-.008,.218,.973,.072,-.008,-.072,.997);es="Linear";ed="In";};["Head"]={cf=cfr(0,0,0,.985,.17,-.034,-.174,.966,-.192,0,.195,.981);es="Linear";ed="In";};["Left Leg"]={cf=cfr(-.01,.016,.098,.97,-.186,.153,.169,.978,.119,-.172,-.09,.981);es="Linear";ed="In";};["Right Leg"]={cf=cfr(.104,.104,.092,.985,.154,-.076,-.139,.975,.173,.101,-.16,.982);es="Linear";ed="In";};};{tm=.417;["Right Arm"]={cf=cfr(-.009,-.1,0,.964,.028,-.265,.061,.945,.321,.259,-.325,.909);es="Linear";ed="In";};};{tm=.5;["Torso"]={cf=cfr(0,.064,-.025,.972,-.233,-.008,.233,.969,.076,-.01,-.076,.997);es="Linear";ed="In";};["Head"]={cf=cfr(0,0,0,.985,.171,-.03,-.174,.97,-.17,0,.172,.985);es="Linear";ed="In";};["Left Leg"]={cf=cfr(-.015,.042,.096,.973,-.175,.154,.156,.979,.127,-.173,-.1,.98);es="Linear";ed="In";};["Right Leg"]={cf=cfr(.102,.129,.086,.984,.161,-.075,-.147,.974,.172,.1,-.158,.982);es="Linear";ed="In";};};{tm=.667;["Torso"]={cf=cfr(0,.1,-.1,.966,-.258,-.008,.258,.963,.075,-.012,-.075,.997);es="Linear";ed="In";};["Head"]={cf=cfr(0,0,0,.985,.171,-.03,-.174,.97,-.171,0,.174,.985);es="Linear";ed="In";};["Left Leg"]={cf=cfr(-.028,.121,.09,.975,-.159,.155,.141,.982,.123,-.172,-.098,.98);es="Linear";ed="In";};["Right Arm"]={cf=cfr(-.009,-.1,0,.97,.011,-.242,.075,.937,.342,.231,-.35,.908);es="Linear";ed="In";};["Right Leg"]={cf=cfr(.121,.204,.076,.985,.154,-.075,-.139,.974,.18,.101,-.167,.981);es="Linear";ed="In";};["Left Arm"]={cf=cfr(-.054,-.707,.081,-.776,.563,.285,-.535,-.827,.174,.333,-.017,.943);es="Linear";ed="In";};};{tm=.833;["Torso"]={cf=cfr(0,.061,-.025,.973,-.23,-.008,.23,.969,.087,-.012,-.086,.996);es="Linear";ed="In";};["Head"]={cf=cfr(0,0,0,.985,.169,-.04,-.174,.959,-.224,0,.228,.974);es="Linear";ed="In";};["Left Leg"]={cf=cfr(-.015,.052,.096,.97,-.185,.155,.167,.978,.123,-.174,-.093,.98);es="Linear";ed="In";};["Right Leg"]={cf=cfr(.096,.127,.085,.985,.157,-.075,-.142,.975,.173,.1,-.159,.982);es="Linear";ed="In";};["Left Arm"]={cf=cfr(-.034,-.707,-.017,-.764,.577,.289,-.575,-.812,.098,.291,-.091,.952);es="Linear";ed="In";};};{tm=.917;["Right Arm"]={cf=cfr(-.009,-.1,0,.964,.028,-.265,.061,.945,.321,.259,-.325,.909);es="Linear";ed="In";};};{tm=1;["Torso"]={cf=cfr(0,.048,0,.977,-.214,-.008,.214,.973,.087,-.011,-.086,.996);es="Linear";ed="In";};["Head"]={cf=cfr(0,0,0,.985,.17,-.034,-.174,.966,-.192,0,.195,.981);es="Linear";ed="In";};["Left Leg"]={cf=cfr(-.009,.021,.099,.965,-.212,.155,.194,.973,.123,-.177,-.088,.98);es="Linear";ed="In";};["Right Leg"]={cf=cfr(.092,.099,.09,.985,.152,-.076,-.137,.975,.173,.101,-.16,.982);es="Linear";ed="In";};};{tm=1.083;["Right Arm"]={cf=cfr(-.009,-.1,0,.951,.056,-.305,.034,.959,.283,.309,-.279,.909);es="Linear";ed="In";};};{tm=1.167;["Torso"]={cf=cfr(0,.036,-.025,.98,-.199,-.007,.199,.976,.087,-.01,-.087,.996);es="Linear";ed="In";};["Head"]={cf=cfr(0,0,0,.985,.171,-.03,-.174,.97,-.17,0,.172,.985);es="Linear";ed="In";};["Left Leg"]={cf=cfr(-.013,.042,.097,.961,-.227,.155,.21,.97,.12,-.178,-.083,.981);es="Linear";ed="In";};["Right Leg"]={cf=cfr(.096,.129,.085,.984,.16,-.075,-.146,.974,.172,.1,-.159,.982);es="Linear";ed="In";};};{tm=1.333;["Torso"]={cf=cfr(0,0,-.1,.985,-.173,-.008,.173,.981,.087,-.008,-.087,.996);es="Linear";ed="In";};["Head"]={cf=cfr(0,0,0,.985,.171,-.03,-.174,.97,-.171,0,.174,.985);es="Linear";ed="In";};["Left Leg"]={cf=cfr(-.028,.105,.091,.955,-.258,.146,.24,.962,.128,-.173,-.087,.981);es="Linear";ed="In";};["Right Arm"]={cf=cfr(-.009,-.1,0,.94,.074,-.333,.015,.966,.258,.341,-.248,.907);es="Linear";ed="In";};["Right Leg"]={cf=cfr(.109,.207,.072,.982,.172,-.072,-.157,.971,.18,.101,-.166,.981);es="Linear";ed="In";};["Left Arm"]={cf=cfr(-.054,-.707,.081,-.776,.563,.285,-.535,-.827,.174,.333,-.017,.943);es="Linear";ed="In";};};}
