{{tm=0;["Torso"]={cf=cfr(0,0,-1.2,1,0,0,0,.707,-.707,0,.707,.707);es="Linear";ed="In";};["Head"]={cf=cfr(0,0,0,1,0,0,0,.906,.423,0,-.423,.906);es="Linear";ed="In";};["Left Arm"]={cf=cfr(-.037,-.706,.083,-.776,.563,.285,-.535,-.827,.174,.333,-.017,.943);es="Linear";ed="In";};["Handle"]={cf=cfr(0,0,0,.981,-.173,.087,.184,.691,-.699,.061,.702,.71);es="Linear";ed="In";};["Part"]={cf=cfr(0,0,0,1,0,0,0,1,0,0,0,1);es="Linear";ed="In";};["Left Leg"]={cf=cfr(-.354,1.343,0,.966,.255,.045,-.259,.951,.168,0,-.174,.985);es="Linear";ed="In";};["Right Arm"]={cf=cfr(0,0,0,.766,-.583,-.272,.643,.694,.324,0,-.423,.906);es="Linear";ed="In";};["Right Leg"]={cf=cfr(.212,.919,0,.259,-.962,-.084,.966,.258,.023,0,-.087,.996);es="Linear";ed="In";};};{tm=.083;["Torso"]={cf=cfr(0,0,-1.2,1,0,0,0,.643,-.766,0,.766,.643);es="Linear";ed="In";};["Head"]={cf=cfr(0,0,0,1,0,0,0,.866,.5,0,-.5,.866);es="Linear";ed="In";};["Left Leg"]={cf=cfr(-.354,1.343,0,.94,.338,.045,-.341,.925,.168,.015,-.173,.985);es="Linear";ed="In";};["Right Arm"]={cf=cfr(0,0,0,.712,-.684,-.155,.701,.682,.208,-.037,-.257,.966);es="Linear";ed="In";};["Right Leg"]={cf=cfr(.212,.919,0,.174,-.981,-.084,.985,.173,.023,-.008,-.087,.996);es="Linear";ed="In";};["Left Arm"]={cf=cfr(-.037,-.706,.083,-.822,.493,.285,-.461,-.87,.174,.334,.012,.943);es="Linear";ed="In";};};{tm=.167;["Torso"]={cf=cfr(0,0,0,.996,-.087,0,.087,.992,.087,-.008,-.087,.996);es="Linear";ed="In";};["Head"]={cf=cfr(0,0,0,.996,.086,-.015,-.086,.936,-.341,-.015,.341,.94);es="Linear";ed="In";};["Left Leg"]={cf=cfr(-1.003,.404,.016,.57,-.821,-.027,.805,.552,.217,-.163,-.145,.976);es="Linear";ed="In";};["Right Arm"]={cf=cfr(0,0,0,.962,.183,-.202,-.133,.961,.241,.238,-.205,.949);es="Linear";ed="In";};["Right Leg"]={cf=cfr(0,0,0,.966,.257,-.032,-.251,.961,.119,.061,-.107,.992);es="Linear";ed="In";};["Left Arm"]={cf=cfr(-.037,-.706,.083,-.776,.563,.285,-.535,-.827,.174,.333,-.017,.943);es="Linear";ed="In";};};{tm=.217;["Head"]={cf=cfr(0,0,0,.989,.148,-.022,-.146,.933,-.329,-.028,.328,.944);es="Linear";ed="In";};};{tm=.283;["Torso"]={cf=cfr(0,0,0,.985,-.173,-.008,.172,.97,.173,-.023,-.172,.985);es="Linear";ed="In";};["Head"]={cf=cfr(0,0,0,.985,.173,-.015,-.171,.951,-.258,-.03,.256,.966);es="Linear";ed="In";};["Left Leg"]={cf=cfr(-1.157,.528,-.016,.704,-.71,-.027,.697,.683,.217,-.136,-.171,.976);es="Linear";ed="In";};["Right Arm"]={cf=cfr(0,0,0,.962,.216,-.167,-.133,.905,.404,.238,-.367,.899);es="Linear";ed="In";};["Right Leg"]={cf=cfr(0,0,0,.867,.498,-.032,-.492,.863,.119,.087,-.087,.992);es="Linear";ed="In";};["Left Arm"]={cf=cfr(-.037,-.706,.083,-.822,.493,.285,-.461,-.87,.174,.334,.012,.943);es="Linear";ed="In";};};}
