 {{tm=0;["Torso"]={cf=cfr(0,0,-.1,.423,.891,-.165,-.903,.429,-.002,.069,.15,.986);es="Linear";ed="In";};["Head"]={cf=cfr(0,0,0,.641,-.767,-.03,.753,.635,-.171,.15,.087,.985);es="Linear";ed="In";};["Left Arm"]={cf=cfr(-.042,-.708,.274,.957,.229,.179,-.235,.247,.94,.171,-.941,.29);es="Linear";ed="In";};["Handle"]={cf=cfr(0,0,0,.956,-.183,.228,.232,.95,-.211,-.178,.255,.95);es="Linear";ed="In";};["Part"]={cf=cfr(0,0,2.8,1,0,0,0,1,0,0,0,1);es="Linear";ed="In";};["Right Arm"]={cf=cfr(.243,-.334,.176,-.564,-.568,.6,.821,-.461,.335,.086,.682,.726);es="Linear";ed="In";};};{tm=.05;["Torso"]={cf=cfr(0,0,-.1,.344,.924,-.165,-.937,.349,-.002,.056,.156,.986);es="Linear";ed="In";};["Left Arm"]={cf=cfr(-.139,-.687,.265,.973,.145,.179,-.213,.267,.94,.089,-.953,.29);es="Linear";ed="In";};["Handle"]={cf=cfr(0,0,0,.956,-.236,.173,.232,.972,.042,-.178,0,.984);es="Linear";ed="In";};["Part"]={cf=cfr(.054,.039,-1.798,1,0,0,0,1,0,0,0,1);es="Linear";ed="In";};["Right Arm"]={cf=cfr(.2,-.334,.266,-.654,-.601,.46,.729,-.663,.17,.203,.446,.872);es="Linear";ed="In";};};{tm=.133;["Torso"]={cf=cfr(0,0,-.1,.397,.903,-.165,-.915,.402,-.002,.065,.152,.986);es="Linear";ed="In";};["Head"]={cf=cfr(0,0,0,.641,-.767,-.03,.753,.635,-.171,.15,.087,.985);es="Linear";ed="In";};["Left Arm"]={cf=cfr(-.074,-.701,.271,.963,.201,.179,-.228,.254,.94,.144,-.946,.29);es="Linear";ed="In";};["Handle"]={cf=cfr(0,0,0,.956,-.202,.211,.232,.964,-.128,-.178,.171,.969);es="Linear";ed="In";};["Part"]={cf=cfr(.054,.039,.402,1,0,0,0,1,0,0,0,1);es="Linear";ed="In";};["Right Arm"]={cf=cfr(.229,-.334,.206,-.593,-.585,.554,.795,-.535,.286,.129,.61,.782);es="Linear";ed="In";};};{tm=.2;["Part"]={cf=cfr(.054,.039,-.298,1,0,0,0,1,0,0,0,1);es="Linear";ed="In";};};{tm=.25;["Torso"]={cf=cfr(0,0,-.1,.423,.891,-.165,-.903,.429,-.002,.069,.15,.986);es="Linear";ed="In";};["Head"]={cf=cfr(0,0,0,.641,-.767,-.03,.753,.635,-.171,.15,.087,.985);es="Linear";ed="In";};["Left Arm"]={cf=cfr(-.042,-.708,.274,.957,.229,.179,-.235,.247,.94,.171,-.941,.29);es="Linear";ed="In";};["Handle"]={cf=cfr(0,0,0,.956,-.183,.228,.232,.95,-.211,-.178,.255,.95);es="Linear";ed="In";};["Part"]={cf=cfr(0,0,-.2,1,0,0,0,1,0,0,0,1);es="Linear";ed="In";};["Right Arm"]={cf=cfr(.243,-.334,.176,-.564,-.568,.6,.821,-.461,.335,.086,.682,.726);es="Linear";ed="In";};};{tm=.667;["Torso"]={cf=cfr(0,0,-.1,.423,.891,-.165,-.903,.429,-.002,.069,.15,.986);es="Linear";ed="In";};["Head"]={cf=cfr(0,0,0,.641,-.767,-.03,.753,.635,-.171,.15,.087,.985);es="Linear";ed="In";};["Left Arm"]={cf=cfr(-.042,-.708,.274,.957,.229,.179,-.235,.247,.94,.171,-.941,.29);es="Linear";ed="In";};["Handle"]={cf=cfr(0,0,0,.956,-.183,.228,.232,.95,-.211,-.178,.255,.95);es="Linear";ed="In";};["Part"]={cf=cfr(0,0,-.2,1,0,0,0,1,0,0,0,1);es="Linear";ed="In";};["Right Arm"]={cf=cfr(.243,-.334,.176,-.564,-.568,.6,.821,-.461,.335,.086,.682,.726);es="Linear";ed="In";};};}
