{{tm=0;["Torso"]={cf=cfr(0,0,-.1,.423,.891,-.165,-.903,.429,-.002,.069,.15,.986);es="Linear";ed="In";};["Head"]={cf=cfr(0,0,0,.641,-.767,-.03,.753,.635,-.171,.15,.087,.985);es="Linear";ed="In";};["Left Arm"]={cf=cfr(-.042,-.708,.274,.957,.229,.179,-.235,.247,.94,.171,-.941,.29);es="Linear";ed="In";};["Handle"]={cf=cfr(0,0,0,.956,-.183,.228,.232,.95,-.211,-.178,.255,.95);es="Linear";ed="In";};["Part"]={cf=cfr(0,0,-.2,1,0,0,0,1,0,0,0,1);es="Linear";ed="In";};["Right Arm"]={cf=cfr(.243,-.334,.176,-.564,-.568,.6,.821,-.461,.335,.086,.682,.726);es="Linear";ed="In";};};{tm=.083;["Head"]={cf=cfr(0,0,0,.641,-.767,-.03,.753,.635,-.171,.15,.087,.985);es="Linear";ed="In";};["Right Arm"]={cf=cfr(.896,-.122,-1.068,.056,-.64,.766,.996,.087,0,-.067,.763,.643);es="Linear";ed="In";};["Part"]={cf=cfr(0,0,0,1,0,0,0,1,0,0,0,1);es="Linear";ed="In";};};{tm=.167;["Handle"]={cf=cfr(0,0,0,.91,-.247,.333,.393,.769,-.504,-.131,.59,.797);es="Linear";ed="In";};["Part"]={cf=cfr(0,0,0,1,0,0,0,1,0,0,0,1);es="Linear";ed="In";};["Right Arm"]={cf=cfr(.935,-.147,-1.215,-.035,-.26,.965,.963,-.266,-.037,.267,.928,.26);es="Linear";ed="In";};};{tm=1;["Head"]={cf=cfr(0,0,0,.641,-.767,-.03,.753,.635,-.171,.15,.087,.985);es="Linear";ed="In";};["Left Arm"]={cf=cfr(-.042,-.708,.274,.957,.229,.179,-.235,.247,.94,.171,-.941,.29);es="Linear";ed="In";};["Handle"]={cf=cfr(0,0,0,.956,-.183,.228,.232,.95,-.211,-.178,.255,.95);es="Linear";ed="In";};["Part"]={cf=cfr(0,0,2.8,1,0,0,0,1,0,0,0,1);es="Linear";ed="In";};["Right Arm"]={cf=cfr(.243,-.334,.176,-.564,-.568,.6,.821,-.461,.335,.086,.682,.726);es="Linear";ed="In";};};}
