{{tm=0;["Torso"]={cf=cfr(0,0,0,1,0,0,0,.94,-.342,0,.342,.94);es="Linear";ed="In";};["Left Leg"]={cf=cfr(-1.172,.366,.014,.499,-.866,.03,.863,.499,.082,-.086,-.015,.996);es="Linear";ed="In";};["Left Arm"]={cf=cfr(-.134,-.68,.083,-.822,.493,.285,-.461,-.87,.174,.334,.012,.943);es="Linear";ed="In";};["Right Leg"]={cf=cfr(0,0,0,.94,-.341,-.03,.342,.936,.082,0,-.087,.996);es="Linear";ed="In";};["Head"]={cf=cfr(0,0,0,1,0,0,0,.985,.174,0,-.174,.985);es="Linear";ed="In";};["Right Arm"]={cf=cfr(-.003,.008,0,.981,.173,-.087,-.134,.931,.341,.14,-.323,.936);es="Linear";ed="In";};["Handle"]={cf=cfr(0,0,0,.981,-.173,.087,.184,.691,-.699,.061,.702,.71);es="Linear";ed="In";};["Part"]={cf=cfr(0,0,0,1,0,0,0,1,0,0,0,1);es="Linear";ed="In";};};{tm=.083;["Torso"]={cf=cfr(0,-.1,.2,.906,-.423,0,.392,.84,-.375,.158,.34,.927);es="Linear";ed="In";};["Left Leg"]={cf=cfr(-.637,.93,-.049,.876,.38,-.297,-.411,.91,-.051,.251,.167,.953);es="Linear";ed="In";};["Left Arm"]={cf=cfr(-.134,-.68,.083,-.844,.493,.212,-.475,-.87,.133,.25,.012,.968);es="Linear";ed="In";};["Right Leg"]={cf=cfr(-.085,-.013,.18,.742,.571,-.351,-.619,.784,-.033,.256,.242,.936);es="Linear";ed="In";};["Head"]={cf=cfr(0,0,0,.906,.423,0,-.416,.893,.174,.073,-.157,.985);es="Linear";ed="In";};["Right Arm"]={cf=cfr(.355,-.228,.258,.529,-.815,-.236,.765,.338,.548,-.367,-.471,.802);es="Linear";ed="In";};};{tm=.167;["Torso"]={cf=cfr(0,-.2,.1,.866,-.5,0,.47,.814,-.342,.171,.296,.94);es="Linear";ed="In";};["Left Leg"]={cf=cfr(-.726,.726,-.029,.648,.7,-.299,-.747,.66,-.074,.145,.272,.951);es="Linear";ed="In";};["Right Leg"]={cf=cfr(-.063,-.109,.194,.369,.826,-.426,-.922,.382,-.06,.113,.415,.903);es="Linear";ed="In";};["Head"]={cf=cfr(0,0,0,.866,.5,0,-.492,.853,.174,.087,-.15,.985);es="Linear";ed="In";};["Right Arm"]={cf=cfr(.449,-.234,.289,.238,-.947,-.217,.783,.056,.619,-.574,-.317,.755);es="Linear";ed="In";};};{tm=.25;["Torso"]={cf=cfr(0,-.1,-.2,.906,-.423,0,.402,.862,-.309,.131,.28,.951);es="Linear";ed="In";};["Left Leg"]={cf=cfr(-.48,.28,0,.62,.781,-.079,-.775,.593,-.217,-.123,.196,.973);es="Linear";ed="In";};["Right Leg"]={cf=cfr(.48,-.32,.31,.072,.938,-.34,-.995,.045,-.086,-.066,.344,.937);es="Linear";ed="In";};["Head"]={cf=cfr(0,0,0,.906,.423,0,-.416,.893,.174,.073,-.157,.985);es="Linear";ed="In";};["Right Arm"]={cf=cfr(.158,-.356,.306,-.015,-.976,-.217,.771,-.149,.619,-.636,-.158,.755);es="Linear";ed="In";};};{tm=.333;["Torso"]={cf=cfr(0,0,0,1,0,0,0,.94,-.342,0,.342,.94);es="Linear";ed="In";};["Left Leg"]={cf=cfr(0,0,0,.94,.341,.03,-.342,.936,.082,0,-.087,.996);es="Linear";ed="In";};["Left Arm"]={cf=cfr(-.134,-.68,.083,-.822,.493,.285,-.461,-.87,.174,.334,.012,.943);es="Linear";ed="In";};["Right Leg"]={cf=cfr(1.172,.366,.014,.499,.866,-.03,-.863,.499,.082,.086,-.015,.996);es="Linear";ed="In";};["Head"]={cf=cfr(0,0,0,1,0,0,0,.985,.174,0,-.174,.985);es="Linear";ed="In";};["Right Arm"]={cf=cfr(.018,-.268,.193,.68,-.701,-.217,.651,.44,.619,-.338,-.562,.755);es="Linear";ed="In";};};{tm=.417;["Torso"]={cf=cfr(0,-.1,.2,.906,.423,0,-.392,.84,-.375,-.158,.34,.927);es="Linear";ed="In";};["Left Leg"]={cf=cfr(.085,-.013,.18,.742,-.571,.351,.619,.784,-.033,-.256,.242,.936);es="Linear";ed="In";};["Left Arm"]={cf=cfr(-.134,-.68,.083,-.794,.493,.356,-.444,-.87,.214,.415,.012,.91);es="Linear";ed="In";};["Right Leg"]={cf=cfr(.637,.93,-.049,.876,-.38,.297,.411,.91,-.051,-.251,.167,.953);es="Linear";ed="In";};["Head"]={cf=cfr(0,0,0,.906,-.423,0,.416,.893,.174,-.073,-.157,.985);es="Linear";ed="In";};["Right Arm"]={cf=cfr(-.365,-.087,-.002,.973,.181,-.14,-.126,.935,.331,.191,-.304,.933);es="Linear";ed="In";};};{tm=.5;["Torso"]={cf=cfr(0,-.2,.1,.866,.5,0,-.47,.814,-.342,-.171,.296,.94);es="Linear";ed="In";};["Left Leg"]={cf=cfr(.063,-.109,.194,.369,-.826,.426,.922,.382,-.06,-.113,.415,.903);es="Linear";ed="In";};["Right Leg"]={cf=cfr(.726,.726,-.029,.648,-.7,.299,.747,.66,-.074,-.145,.272,.951);es="Linear";ed="In";};["Head"]={cf=cfr(0,0,0,.866,-.5,0,.492,.853,.174,-.087,-.15,.985);es="Linear";ed="In";};["Right Arm"]={cf=cfr(-.365,-.087,-.002,.855,.427,-.293,-.301,.871,.389,.422,-.244,.873);es="Linear";ed="In";};};{tm=.583;["Torso"]={cf=cfr(0,-.1,-.2,.906,.423,0,-.402,.862,-.309,-.131,.28,.951);es="Linear";ed="In";};["Left Leg"]={cf=cfr(-.48,-.32,.31,.072,-.938,.34,.995,.045,-.086,.066,.344,.937);es="Linear";ed="In";};["Right Leg"]={cf=cfr(.48,.28,0,.62,-.781,.079,.775,.593,-.217,.123,.196,.973);es="Linear";ed="In";};["Head"]={cf=cfr(0,0,0,.906,-.423,0,.416,.893,.174,-.073,-.157,.985);es="Linear";ed="In";};["Right Arm"]={cf=cfr(-.211,-.176,.09,.768,.569,-.293,-.448,.805,.389,.458,-.167,.873);es="Linear";ed="In";};};{tm=.667;["Torso"]={cf=cfr(0,0,0,1,0,0,0,.94,-.342,0,.342,.94);es="Linear";ed="In";};["Left Leg"]={cf=cfr(-1.172,.366,.014,.499,-.866,.03,.863,.499,.082,-.086,-.015,.996);es="Linear";ed="In";};["Left Arm"]={cf=cfr(-.134,-.68,.083,-.822,.493,.285,-.461,-.87,.174,.334,.012,.943);es="Linear";ed="In";};["Right Leg"]={cf=cfr(0,0,0,.94,-.341,-.03,.342,.936,.082,0,-.087,.996);es="Linear";ed="In";};["Head"]={cf=cfr(0,0,0,1,0,0,0,.985,.174,0,-.174,.985);es="Linear";ed="In";};["Right Arm"]={cf=cfr(-.003,.008,0,.981,.173,-.087,-.134,.931,.341,.14,-.323,.936);es="Linear";ed="In";};};}
