{{tm=0;["Torso"]={cf=cfr(.003,0,-.081,1,0,.003,0,1,0,-.003,0,1);es="Linear";ed="In";};["Left Leg"]={cf=cfr(-.314,.085,.033,.975,-.185,.123,.175,.981,.086,-.136,-.063,.989);es="Linear";ed="In";};["Right Arm"]={cf=cfr(0,.003,0,1,0,0,0,1,0,0,0,1);es="Linear";ed="In";};["Left Arm"]={cf=cfr(0,.003,0,1,0,0,0,1,0,0,0,1);es="Linear";ed="In";};["Right Leg"]={cf=cfr(.255,.078,.061,.96,.173,-.219,-.162,.985,.066,.227,-.028,.974);es="Linear";ed="In";};["Head"]={cf=cfr(0,0,.017,1,-.01,-.004,.01,1,.004,.004,-.004,1);es="Linear";ed="In";};};{tm=.017;["Torso"]={cf=cfr(.003,0,-.081,1,0,.003,0,1,0,-.003,0,1);es="Linear";ed="In";};["Left Leg"]={cf=cfr(-.314,.085,.033,.975,-.185,.123,.175,.981,.086,-.136,-.063,.989);es="Linear";ed="In";};["Right Arm"]={cf=cfr(0,.003,0,1,0,0,0,1,0,0,0,1);es="Linear";ed="In";};["Left Arm"]={cf=cfr(0,.003,0,1,0,0,0,1,0,0,0,1);es="Linear";ed="In";};["Right Leg"]={cf=cfr(.255,.078,.061,.96,.173,-.219,-.162,.985,.066,.227,-.028,.974);es="Linear";ed="In";};["Head"]={cf=cfr(0,0,.017,1,-.01,-.004,.01,1,.004,.004,-.004,1);es="Linear";ed="In";};};{tm=.033;["Torso"]={cf=cfr(.003,0,-.081,1,0,.003,0,1,0,-.003,0,1);es="Linear";ed="In";};["Left Leg"]={cf=cfr(-.314,.085,.033,.975,-.185,.123,.175,.981,.086,-.136,-.063,.989);es="Linear";ed="In";};["Right Arm"]={cf=cfr(0,.003,0,1,0,0,0,1,0,0,0,1);es="Linear";ed="In";};["Left Arm"]={cf=cfr(0,.003,0,1,0,0,0,1,0,0,0,1);es="Linear";ed="In";};["Right Leg"]={cf=cfr(.255,.078,.061,.96,.173,-.219,-.163,.984,.066,.227,-.028,.974);es="Linear";ed="In";};["Head"]={cf=cfr(0,0,.017,1,-.01,-.004,.01,1,.004,.004,-.004,1);es="Linear";ed="In";};};{tm=.05;["Torso"]={cf=cfr(.003,0,-.081,1,0,.003,0,1,0,-.003,0,1);es="Linear";ed="In";};["Left Leg"]={cf=cfr(-.315,.085,.033,.975,-.185,.123,.175,.981,.086,-.136,-.063,.989);es="Linear";ed="In";};["Right Arm"]={cf=cfr(0,.003,0,1,0,0,0,1,0,0,0,1);es="Linear";ed="In";};["Left Arm"]={cf=cfr(0,.003,0,1,0,0,0,1,0,0,0,1);es="Linear";ed="In";};["Right Leg"]={cf=cfr(.256,.078,.061,.96,.173,-.219,-.163,.984,.066,.227,-.028,.974);es="Linear";ed="In";};["Head"]={cf=cfr(0,0,.017,1,-.01,-.004,.01,1,.004,.004,-.004,1);es="Linear";ed="In";};};{tm=.067;["Torso"]={cf=cfr(.003,0,-.082,1,0,.003,0,1,0,-.003,0,1);es="Linear";ed="In";};["Left Leg"]={cf=cfr(-.315,.085,.033,.975,-.186,.123,.176,.981,.086,-.136,-.063,.989);es="Linear";ed="In";};["Right Arm"]={cf=cfr(0,.003,0,1,0,0,0,1,0,0,0,1);es="Linear";ed="In";};["Left Arm"]={cf=cfr(0,.003,0,1,0,0,0,1,0,0,0,1);es="Linear";ed="In";};["Right Leg"]={cf=cfr(.256,.078,.062,.96,.174,-.219,-.163,.984,.066,.227,-.028,.974);es="Linear";ed="In";};["Head"]={cf=cfr(0,0,.017,1,-.01,-.004,.01,1,.003,.004,-.003,1);es="Linear";ed="In";};};{tm=.083;["Torso"]={cf=cfr(.003,0,-.082,1,0,.003,0,1,0,-.003,0,1);es="Linear";ed="In";};["Left Leg"]={cf=cfr(-.316,.085,.033,.975,-.186,.123,.176,.981,.086,-.136,-.063,.989);es="Linear";ed="In";};["Right Arm"]={cf=cfr(0,.003,0,1,0,-.001,0,1,0,.001,0,1);es="Linear";ed="In";};["Left Arm"]={cf=cfr(0,.003,0,1,0,0,0,1,0,0,0,1);es="Linear";ed="In";};["Right Leg"]={cf=cfr(.257,.079,.062,.96,.174,-.219,-.164,.984,.066,.227,-.028,.974);es="Linear";ed="In";};["Head"]={cf=cfr(0,0,.017,1,-.01,-.004,.01,1,.003,.004,-.003,1);es="Linear";ed="In";};};{tm=.1;["Torso"]={cf=cfr(.003,0,-.082,1,0,.003,0,1,0,-.003,0,1);es="Linear";ed="In";};["Left Leg"]={cf=cfr(-.317,.086,.033,.975,-.186,.123,.177,.98,.086,-.136,-.063,.989);es="Linear";ed="In";};["Right Arm"]={cf=cfr(0,.003,0,1,.001,-.001,-.001,1,0,.001,0,1);es="Linear";ed="In";};["Left Arm"]={cf=cfr(0,.003,0,1,0,0,0,1,0,0,0,1);es="Linear";ed="In";};["Right Leg"]={cf=cfr(.258,.079,.062,.96,.175,-.219,-.164,.984,.066,.227,-.028,.974);es="Linear";ed="In";};["Head"]={cf=cfr(0,0,.017,1,-.01,-.004,.01,1,.003,.004,-.003,1);es="Linear";ed="In";};};{tm=.117;["Torso"]={cf=cfr(.003,0,-.083,1,0,.003,0,1,0,-.003,0,1);es="Linear";ed="In";};["Left Leg"]={cf=cfr(-.318,.086,.033,.975,-.187,.123,.177,.98,.086,-.136,-.063,.989);es="Linear";ed="In";};["Right Arm"]={cf=cfr(0,.003,0,1,.001,-.001,-.001,1,0,.001,0,1);es="Linear";ed="In";};["Left Arm"]={cf=cfr(0,.003,0,1,0,0,0,1,0,0,0,1);es="Linear";ed="In";};["Right Leg"]={cf=cfr(.259,.079,.062,.96,.175,-.219,-.165,.984,.066,.227,-.028,.974);es="Linear";ed="In";};["Head"]={cf=cfr(0,0,.017,1,-.01,-.004,.01,1,.002,.004,-.002,1);es="Linear";ed="In";};};{tm=.133;["Torso"]={cf=cfr(.003,0,-.083,1,0,.003,0,1,0,-.003,0,1);es="Linear";ed="In";};["Left Leg"]={cf=cfr(-.32,.086,.034,.975,-.188,.123,.178,.98,.087,-.136,-.062,.989);es="Linear";ed="In";};["Right Arm"]={cf=cfr(0,.003,0,1,.001,-.001,-.001,1,0,.001,0,1);es="Linear";ed="In";};["Left Arm"]={cf=cfr(0,.003,0,1,.001,0,-.001,1,0,0,0,1);es="Linear";ed="In";};["Right Leg"]={cf=cfr(.261,.079,.062,.96,.176,-.219,-.165,.984,.066,.227,-.027,.974);es="Linear";ed="In";};["Head"]={cf=cfr(0,0,.017,1,-.01,-.004,.01,1,.002,.004,-.002,1);es="Linear";ed="In";};};{tm=.15;["Torso"]={cf=cfr(.003,0,-.084,1,0,.003,0,1,0,-.003,0,1);es="Linear";ed="In";};["Left Leg"]={cf=cfr(-.321,.086,.034,.974,-.188,.123,.179,.98,.087,-.137,-.062,.989);es="Linear";ed="In";};["Right Arm"]={cf=cfr(0,.003,0,1,.001,-.002,-.001,1,0,.002,0,1);es="Linear";ed="In";};["Left Arm"]={cf=cfr(0,.003,0,1,.001,0,-.001,1,0,0,0,1);es="Linear";ed="In";};["Right Leg"]={cf=cfr(.262,.08,.063,.96,.177,-.219,-.166,.984,.066,.227,-.027,.973);es="Linear";ed="In";};["Head"]={cf=cfr(0,0,.017,1,-.01,-.004,.01,1,.002,.004,-.002,1);es="Linear";ed="In";};};{tm=.167;["Torso"]={cf=cfr(.003,0,-.085,1,0,.003,0,1,0,-.003,0,1);es="Linear";ed="In";};["Left Leg"]={cf=cfr(-.322,.087,.034,.974,-.189,.123,.18,.98,.087,-.137,-.062,.989);es="Linear";ed="In";};["Right Arm"]={cf=cfr(0,.003,0,1,.002,-.002,-.002,1,0,.002,0,1);es="Linear";ed="In";};["Left Arm"]={cf=cfr(0,.003,0,1,.001,0,-.001,1,0,0,0,1);es="Linear";ed="In";};["Right Leg"]={cf=cfr(.264,.08,.063,.959,.178,-.219,-.167,.984,.066,.227,-.027,.973);es="Linear";ed="In";};["Head"]={cf=cfr(0,0,.017,1,-.01,-.004,.01,1,.001,.004,-.001,1);es="Linear";ed="In";};};{tm=.183;["Torso"]={cf=cfr(.003,0,-.085,1,0,.003,0,1,0,-.003,0,1);es="Linear";ed="In";};["Left Leg"]={cf=cfr(-.324,.087,.034,.974,-.19,.123,.18,.98,.087,-.137,-.062,.989);es="Linear";ed="In";};["Right Arm"]={cf=cfr(0,.003,0,1,.002,-.003,-.002,1,0,.003,0,1);es="Linear";ed="In";};["Left Arm"]={cf=cfr(0,.003,0,1,.001,0,-.001,1,.001,0,-.001,1);es="Linear";ed="In";};["Right Leg"]={cf=cfr(.265,.08,.063,.959,.178,-.219,-.168,.984,.066,.227,-.027,.973);es="Linear";ed="In";};["Head"]={cf=cfr(0,0,.017,1,-.01,-.004,.01,1,0,.004,0,1);es="Linear";ed="In";};};{tm=.2;["Torso"]={cf=cfr(.003,0,-.086,1,0,.003,0,1,0,-.003,0,1);es="Linear";ed="In";};["Left Leg"]={cf=cfr(-.326,.087,.034,.974,-.191,.123,.181,.98,.087,-.137,-.062,.989);es="Linear";ed="In";};["Right Arm"]={cf=cfr(0,.003,0,1,.002,-.003,-.002,1,0,.003,0,1);es="Linear";ed="In";};["Left Arm"]={cf=cfr(0,.003,0,1,.001,.001,-.001,1,.001,-.001,-.001,1);es="Linear";ed="In";};["Right Leg"]={cf=cfr(.267,.081,.064,.959,.179,-.219,-.169,.983,.066,.227,-.027,.973);es="Linear";ed="In";};["Head"]={cf=cfr(0,0,.017,1,-.01,-.004,.01,1,0,.004,0,1);es="Linear";ed="In";};};{tm=.217;["Torso"]={cf=cfr(.003,0,-.087,1,0,.003,0,1,0,-.003,0,1);es="Linear";ed="In";};["Left Leg"]={cf=cfr(-.328,.088,.034,.974,-.192,.123,.182,.979,.087,-.137,-.062,.989);es="Linear";ed="In";};["Right Arm"]={cf=cfr(0,.003,0,1,.002,-.004,-.002,1,0,.004,0,1);es="Linear";ed="In";};["Left Arm"]={cf=cfr(0,.003,0,1,.001,.001,-.001,1,.001,-.001,-.001,1);es="Linear";ed="In";};["Right Leg"]={cf=cfr(.269,.081,.064,.959,.18,-.219,-.17,.983,.066,.227,-.027,.973);es="Linear";ed="In";};["Head"]={cf=cfr(0,0,.017,1,-.01,-.004,.01,1,-.001,.004,.001,1);es="Linear";ed="In";};};{tm=.233;["Torso"]={cf=cfr(.003,0,-.087,1,0,.003,0,1,0,-.003,0,1);es="Linear";ed="In";};["Left Leg"]={cf=cfr(-.329,.088,.035,.974,-.193,.123,.183,.979,.087,-.137,-.062,.989);es="Linear";ed="In";};["Right Arm"]={cf=cfr(0,.003,0,1,.003,-.004,-.003,1,0,.004,0,1);es="Linear";ed="In";};["Left Arm"]={cf=cfr(0,.003,0,1,.002,.001,-.002,1,.001,-.001,-.001,1);es="Linear";ed="In";};["Right Leg"]={cf=cfr(.271,.081,.065,.959,.181,-.219,-.171,.983,.066,.227,-.026,.973);es="Linear";ed="In";};["Head"]={cf=cfr(0,0,.017,1,-.01,-.004,.01,1,-.002,.004,.002,1);es="Linear";ed="In";};};{tm=.25;["Torso"]={cf=cfr(.003,0,-.088,1,0,.003,0,1,0,-.003,0,1);es="Linear";ed="In";};["Left Leg"]={cf=cfr(-.331,.089,.035,.973,-.194,.123,.184,.979,.087,-.137,-.062,.989);es="Linear";ed="In";};["Right Arm"]={cf=cfr(0,.003,0,1,.003,-.005,-.003,1,0,.005,0,1);es="Linear";ed="In";};["Left Arm"]={cf=cfr(0,.003,0,1,.002,.001,-.002,1,.001,-.001,-.001,1);es="Linear";ed="In";};["Right Leg"]={cf=cfr(.273,.082,.065,.959,.182,-.219,-.172,.983,.067,.227,-.026,.973);es="Linear";ed="In";};["Head"]={cf=cfr(0,0,.017,1,-.01,-.004,.01,1,-.002,.004,.002,1);es="Linear";ed="In";};};{tm=.267;["Torso"]={cf=cfr(.003,0,-.089,1,0,.003,0,1,0,-.003,0,1);es="Linear";ed="In";};["Left Leg"]={cf=cfr(-.333,.089,.035,.973,-.195,.123,.185,.979,.087,-.137,-.062,.989);es="Linear";ed="In";};["Right Arm"]={cf=cfr(0,.003,0,1,.004,-.006,-.004,1,0,.006,0,1);es="Linear";ed="In";};["Left Arm"]={cf=cfr(0,.003,0,1,.002,.001,-.002,1,.001,-.001,-.001,1);es="Linear";ed="In";};["Right Leg"]={cf=cfr(.275,.082,.065,.958,.183,-.219,-.173,.983,.067,.227,-.026,.973);es="Linear";ed="In";};["Head"]={cf=cfr(0,0,.017,1,-.01,-.004,.01,1,-.003,.004,.003,1);es="Linear";ed="In";};};{tm=.283;["Torso"]={cf=cfr(.003,0,-.09,1,0,.003,0,1,0,-.003,0,1);es="Linear";ed="In";};["Left Leg"]={cf=cfr(-.336,.089,.035,.973,-.196,.123,.186,.979,.087,-.137,-.062,.989);es="Linear";ed="In";};["Right Arm"]={cf=cfr(0,.003,0,1,.004,-.006,-.004,1,0,.006,0,1);es="Linear";ed="In";};["Left Arm"]={cf=cfr(0,.003,0,1,.002,.001,-.002,1,.001,-.001,-.001,1);es="Linear";ed="In";};["Right Leg"]={cf=cfr(.277,.083,.066,.958,.184,-.219,-.174,.983,.067,.227,-.026,.973);es="Linear";ed="In";};["Head"]={cf=cfr(0,0,.017,1,-.01,-.004,.01,1,-.004,.004,.004,1);es="Linear";ed="In";};};{tm=.3;["Torso"]={cf=cfr(.003,0,-.091,1,0,.003,0,1,0,-.003,0,1);es="Linear";ed="In";};["Left Leg"]={cf=cfr(-.338,.09,.035,.973,-.197,.123,.187,.978,.087,-.137,-.061,.989);es="Linear";ed="In";};["Right Arm"]={cf=cfr(0,.003,0,1,.005,-.007,-.005,1,0,.007,0,1);es="Linear";ed="In";};["Left Arm"]={cf=cfr(0,.003,0,1,.003,.001,-.003,1,.001,-.001,-.001,1);es="Linear";ed="In";};["Right Leg"]={cf=cfr(.279,.083,.066,.958,.186,-.219,-.175,.982,.067,.227,-.025,.973);es="Linear";ed="In";};["Head"]={cf=cfr(0,0,.017,1,-.01,-.004,.01,1,-.005,.004,.005,1);es="Linear";ed="In";};};{tm=.317;["Torso"]={cf=cfr(.003,0,-.092,1,0,.003,0,1,0,-.003,0,1);es="Linear";ed="In";};["Left Leg"]={cf=cfr(-.34,.09,.036,.972,-.198,.123,.189,.978,.087,-.137,-.061,.989);es="Linear";ed="In";};["Right Arm"]={cf=cfr(0,.003,0,1,.005,-.008,-.005,1,0,.008,0,1);es="Linear";ed="In";};["Left Arm"]={cf=cfr(0,.003,0,1,.003,.001,-.003,1,.002,-.001,-.002,1);es="Linear";ed="In";};["Right Leg"]={cf=cfr(.281,.084,.067,.958,.187,-.219,-.176,.982,.067,.227,-.025,.973);es="Linear";ed="In";};["Head"]={cf=cfr(0,0,.017,1,-.01,-.004,.01,1,-.006,.004,.006,1);es="Linear";ed="In";};};{tm=.333;["Torso"]={cf=cfr(.003,0,-.093,1,0,.003,0,1,0,-.003,0,1);es="Linear";ed="In";};["Left Leg"]={cf=cfr(-.342,.091,.036,.972,-.2,.123,.19,.978,.087,-.137,-.061,.989);es="Linear";ed="In";};["Right Arm"]={cf=cfr(0,.003,0,1,.006,-.009,-.006,1,0,.009,0,1);es="Linear";ed="In";};["Left Arm"]={cf=cfr(0,.003,0,1,.003,.001,-.003,1,.002,-.001,-.002,1);es="Linear";ed="In";};["Right Leg"]={cf=cfr(.283,.084,.067,.958,.188,-.219,-.177,.982,.067,.227,-.025,.973);es="Linear";ed="In";};["Head"]={cf=cfr(0,0,.017,1,-.01,-.004,.01,1,-.007,.004,.007,1);es="Linear";ed="In";};};{tm=.35;["Torso"]={cf=cfr(.003,0,-.093,1,0,.003,0,1,0,-.003,0,1);es="Linear";ed="In";};["Left Leg"]={cf=cfr(-.344,.091,.036,.972,-.201,.123,.191,.978,.087,-.137,-.061,.989);es="Linear";ed="In";};["Right Arm"]={cf=cfr(0,.003,0,1,.006,-.009,-.006,1,0,.009,0,1);es="Linear";ed="In";};["Left Arm"]={cf=cfr(0,.003,0,1,.004,.002,-.004,1,.002,-.002,-.002,1);es="Linear";ed="In";};["Right Leg"]={cf=cfr(.285,.085,.068,.957,.189,-.219,-.179,.982,.067,.227,-.025,.973);es="Linear";ed="In";};["Head"]={cf=cfr(0,0,.017,1,-.01,-.004,.01,1,-.008,.004,.008,1);es="Linear";ed="In";};};{tm=.367;["Torso"]={cf=cfr(.003,0,-.094,1,0,.003,0,1,0,-.003,0,1);es="Linear";ed="In";};["Left Leg"]={cf=cfr(-.346,.092,.036,.972,-.202,.123,.192,.978,.087,-.137,-.061,.989);es="Linear";ed="In";};["Right Arm"]={cf=cfr(0,.003,0,1,.007,-.01,-.007,1,.001,.01,0,1);es="Linear";ed="In";};["Left Arm"]={cf=cfr(0,.003,0,1,.004,.002,-.004,1,.002,-.002,-.002,1);es="Linear";ed="In";};["Right Leg"]={cf=cfr(.287,.085,.068,.957,.19,-.219,-.18,.981,.067,.227,-.025,.973);es="Linear";ed="In";};["Head"]={cf=cfr(0,0,.017,1,-.01,-.004,.01,1,-.009,.004,.009,1);es="Linear";ed="In";};};{tm=.383;["Torso"]={cf=cfr(.003,0,-.095,1,0,.003,0,1,0,-.003,0,1);es="Linear";ed="In";};["Left Leg"]={cf=cfr(-.349,.092,.037,.971,-.203,.123,.193,.977,.087,-.138,-.061,.989);es="Linear";ed="In";};["Right Arm"]={cf=cfr(0,.003,0,1,.007,-.011,-.007,1,.001,.011,-.001,1);es="Linear";ed="In";};["Left Arm"]={cf=cfr(0,.003,0,1,.004,.002,-.004,1,.002,-.002,-.002,1);es="Linear";ed="In";};["Right Leg"]={cf=cfr(.29,.086,.069,.957,.191,-.219,-.181,.981,.067,.227,-.024,.973);es="Linear";ed="In";};["Head"]={cf=cfr(0,0,.017,1,-.01,-.004,.01,1,-.01,.004,.01,1);es="Linear";ed="In";};};{tm=.4;["Torso"]={cf=cfr(.003,0,-.096,1,0,.003,0,1,0,-.003,0,1);es="Linear";ed="In";};["Left Leg"]={cf=cfr(-.351,.093,.037,.971,-.204,.123,.194,.977,.087,-.138,-.061,.989);es="Linear";ed="In";};["Right Arm"]={cf=cfr(0,.003,0,1,.008,-.012,-.008,1,.001,.012,-.001,1);es="Linear";ed="In";};["Left Arm"]={cf=cfr(0,.003,0,1,.005,.002,-.005,1,.003,-.002,-.003,1);es="Linear";ed="In";};["Right Leg"]={cf=cfr(.292,.086,.069,.957,.192,-.219,-.182,.981,.067,.228,-.024,.973);es="Linear";ed="In";};["Head"]={cf=cfr(0,0,.017,1,-.01,-.004,.01,1,-.011,.004,.011,1);es="Linear";ed="In";};};{tm=.417;["Torso"]={cf=cfr(.003,0,-.097,1,0,.003,0,1,0,-.003,0,1);es="Linear";ed="In";};["Left Leg"]={cf=cfr(-.353,.093,.037,.971,-.205,.123,.195,.977,.087,-.138,-.061,.989);es="Linear";ed="In";};["Right Arm"]={cf=cfr(0,.003,0,1,.008,-.013,-.008,1,.001,.013,-.001,1);es="Linear";ed="In";};["Left Arm"]={cf=cfr(0,.003,0,1,.005,.002,-.005,1,.003,-.002,-.003,1);es="Linear";ed="In";};["Right Leg"]={cf=cfr(.294,.087,.069,.956,.193,-.219,-.183,.981,.067,.228,-.024,.973);es="Linear";ed="In";};["Head"]={cf=cfr(0,0,.017,1,-.01,-.004,.01,1,-.012,.004,.012,1);es="Linear";ed="In";};};{tm=.433;["Torso"]={cf=cfr(.003,0,-.098,1,0,.003,0,1,0,-.003,0,1);es="Linear";ed="In";};["Left Leg"]={cf=cfr(-.355,.094,.037,.971,-.206,.123,.197,.977,.087,-.138,-.061,.989);es="Linear";ed="In";};["Right Arm"]={cf=cfr(0,.003,0,1,.009,-.014,-.009,1,.001,.014,-.001,1);es="Linear";ed="In";};["Left Arm"]={cf=cfr(0,.003,0,1,.005,.002,-.005,1,.003,-.002,-.003,1);es="Linear";ed="In";};["Right Leg"]={cf=cfr(.296,.087,.07,.956,.195,-.219,-.184,.981,.067,.228,-.024,.973);es="Linear";ed="In";};["Head"]={cf=cfr(0,0,.017,1,-.01,-.004,.01,1,-.013,.004,.013,1);es="Linear";ed="In";};};{tm=.45;["Torso"]={cf=cfr(.003,0,-.099,1,0,.003,0,1,0,-.003,0,1);es="Linear";ed="In";};["Left Leg"]={cf=cfr(-.357,.094,.037,.971,-.207,.123,.198,.976,.087,-.138,-.06,.989);es="Linear";ed="In";};["Right Arm"]={cf=cfr(0,.003,0,1,.01,-.015,-.01,1,.001,.015,-.001,1);es="Linear";ed="In";};["Left Arm"]={cf=cfr(0,.003,0,1,.006,.003,-.006,1,.003,-.003,-.003,1);es="Linear";ed="In";};["Right Leg"]={cf=cfr(.298,.088,.07,.956,.196,-.219,-.185,.98,.067,.228,-.023,.973);es="Linear";ed="In";};["Head"]={cf=cfr(0,0,.017,1,-.01,-.004,.01,1,-.014,.004,.014,1);es="Linear";ed="In";};};{tm=.467;["Torso"]={cf=cfr(.003,0,-.1,1,0,.003,0,1,0,-.003,0,1);es="Linear";ed="In";};["Left Leg"]={cf=cfr(-.359,.095,.038,.97,-.209,.123,.199,.976,.087,-.138,-.06,.989);es="Linear";ed="In";};["Right Arm"]={cf=cfr(0,.003,0,1,.01,-.016,-.01,1,.001,.016,-.001,1);es="Linear";ed="In";};["Left Arm"]={cf=cfr(0,.003,0,1,.006,.003,-.006,1,.003,-.003,-.003,1);es="Linear";ed="In";};["Right Leg"]={cf=cfr(.3,.088,.071,.956,.197,-.219,-.186,.98,.067,.228,-.023,.973);es="Linear";ed="In";};["Head"]={cf=cfr(0,0,.017,1,-.01,-.004,.01,1,-.015,.004,.015,1);es="Linear";ed="In";};};{tm=.483;["Torso"]={cf=cfr(.003,0,-.101,1,0,.003,0,1,0,-.003,0,1);es="Linear";ed="In";};["Left Leg"]={cf=cfr(-.361,.095,.038,.97,-.21,.123,.2,.976,.087,-.138,-.06,.989);es="Linear";ed="In";};["Right Arm"]={cf=cfr(0,.003,0,1,.011,-.017,-.011,1,.001,.017,-.001,1);es="Linear";ed="In";};["Left Arm"]={cf=cfr(0,.003,0,1,.007,.003,-.007,1,.004,-.003,-.004,1);es="Linear";ed="In";};["Right Leg"]={cf=cfr(.302,.089,.071,.956,.198,-.219,-.187,.98,.067,.228,-.023,.973);es="Linear";ed="In";};["Head"]={cf=cfr(0,0,.017,1,-.01,-.004,.01,1,-.017,.004,.017,1);es="Linear";ed="In";};};{tm=.5;["Torso"]={cf=cfr(.003,0,-.102,1,0,.003,0,1,0,-.003,0,1);es="Linear";ed="In";};["Left Leg"]={cf=cfr(-.363,.095,.038,.97,-.211,.123,.201,.976,.087,-.138,-.06,.989);es="Linear";ed="In";};["Right Arm"]={cf=cfr(0,.003,0,1,.011,-.018,-.011,1,.001,.018,-.001,1);es="Linear";ed="In";};["Left Arm"]={cf=cfr(0,.003,0,1,.007,.003,-.007,1,.004,-.003,-.004,1);es="Linear";ed="In";};["Right Leg"]={cf=cfr(.304,.089,.071,.955,.199,-.219,-.188,.98,.067,.228,-.023,.973);es="Linear";ed="In";};["Head"]={cf=cfr(0,0,.017,1,-.01,-.004,.01,1,-.018,.004,.018,1);es="Linear";ed="In";};};{tm=.517;["Torso"]={cf=cfr(.003,0,-.102,1,0,.003,0,1,0,-.003,0,1);es="Linear";ed="In";};["Left Leg"]={cf=cfr(-.365,.096,.038,.97,-.212,.123,.202,.976,.087,-.138,-.06,.989);es="Linear";ed="In";};["Right Arm"]={cf=cfr(.001,.003,0,1,.012,-.019,-.012,1,.001,.019,-.001,1);es="Linear";ed="In";};["Left Arm"]={cf=cfr(0,.003,0,1,.007,.004,-.007,1,.004,-.003,-.004,1);es="Linear";ed="In";};["Right Leg"]={cf=cfr(.306,.09,.072,.955,.2,-.219,-.189,.98,.067,.228,-.023,.973);es="Linear";ed="In";};["Head"]={cf=cfr(0,0,.017,1,-.01,-.004,.01,1,-.019,.004,.019,1);es="Linear";ed="In";};};{tm=.533;["Torso"]={cf=cfr(.003,0,-.103,1,0,.003,0,1,0,-.003,0,1);es="Linear";ed="In";};["Left Leg"]={cf=cfr(-.367,.096,.038,.969,-.213,.123,.203,.975,.087,-.138,-.06,.989);es="Linear";ed="In";};["Right Arm"]={cf=cfr(.001,.003,0,1,.013,-.02,-.013,1,.001,.02,-.001,1);es="Linear";ed="In";};["Left Arm"]={cf=cfr(0,.003,0,1,.008,.004,-.008,1,.004,-.004,-.004,1);es="Linear";ed="In";};["Right Leg"]={cf=cfr(.308,.09,.072,.955,.201,-.219,-.19,.979,.067,.228,-.022,.973);es="Linear";ed="In";};["Head"]={cf=cfr(0,0,.017,1,-.01,-.004,.01,1,-.02,.004,.02,1);es="Linear";ed="In";};};{tm=.55;["Torso"]={cf=cfr(.003,0,-.104,1,0,.003,0,1,0,-.003,0,1);es="Linear";ed="In";};["Left Leg"]={cf=cfr(-.368,.097,.039,.969,-.213,.123,.204,.975,.087,-.138,-.06,.989);es="Linear";ed="In";};["Right Arm"]={cf=cfr(.001,.003,0,1,.013,-.022,-.013,1,.001,.022,-.001,1);es="Linear";ed="In";};["Left Arm"]={cf=cfr(0,.003,0,1,.008,.004,-.008,1,.005,-.004,-.005,1);es="Linear";ed="In";};["Right Leg"]={cf=cfr(.309,.09,.073,.955,.202,-.219,-.191,.979,.067,.228,-.022,.973);es="Linear";ed="In";};["Head"]={cf=cfr(0,0,.017,1,-.01,-.004,.01,1,-.022,.004,.022,1);es="Linear";ed="In";};};{tm=.567;["Torso"]={cf=cfr(.003,0,-.105,1,0,.003,0,1,0,-.003,0,1);es="Linear";ed="In";};["Left Leg"]={cf=cfr(-.37,.097,.039,.969,-.214,.123,.205,.975,.087,-.138,-.06,.989);es="Linear";ed="In";};["Right Arm"]={cf=cfr(.001,.003,0,1,.014,-.023,-.014,1,.001,.023,-.001,1);es="Linear";ed="In";};["Left Arm"]={cf=cfr(0,.003,0,1,.009,.004,-.009,1,.005,-.004,-.005,1);es="Linear";ed="In";};["Right Leg"]={cf=cfr(.311,.091,.073,.955,.202,-.219,-.192,.979,.067,.228,-.022,.973);es="Linear";ed="In";};["Head"]={cf=cfr(0,0,.017,1,-.01,-.004,.01,1,-.023,.004,.023,1);es="Linear";ed="In";};};{tm=.583;["Torso"]={cf=cfr(.003,0,-.105,1,0,.003,0,1,0,-.003,0,1);es="Linear";ed="In";};["Left Leg"]={cf=cfr(-.372,.097,.039,.969,-.215,.123,.205,.975,.088,-.138,-.06,.989);es="Linear";ed="In";};["Right Arm"]={cf=cfr(.001,.003,0,1,.015,-.024,-.015,1,.001,.024,-.001,1);es="Linear";ed="In";};["Left Arm"]={cf=cfr(0,.003,0,1,.009,.004,-.009,1,.005,-.004,-.005,1);es="Linear";ed="In";};["Right Leg"]={cf=cfr(.312,.091,.073,.954,.203,-.219,-.193,.979,.067,.228,-.022,.973);es="Linear";ed="In";};["Head"]={cf=cfr(0,0,.017,1,-.01,-.004,.01,1,-.024,.004,.024,1);es="Linear";ed="In";};};{tm=.6;["Torso"]={cf=cfr(.003,0,-.106,1,0,.003,0,1,0,-.003,0,1);es="Linear";ed="In";};["Left Leg"]={cf=cfr(-.373,.098,.039,.969,-.216,.123,.206,.975,.088,-.138,-.06,.989);es="Linear";ed="In";};["Right Arm"]={cf=cfr(.001,.003,0,1,.016,-.025,-.016,1,.002,.025,-.001,1);es="Linear";ed="In";};["Left Arm"]={cf=cfr(0,.003,0,1,.01,.005,-.01,1,.005,-.005,-.005,1);es="Linear";ed="In";};["Right Leg"]={cf=cfr(.314,.092,.074,.954,.204,-.219,-.194,.979,.067,.228,-.022,.973);es="Linear";ed="In";};["Head"]={cf=cfr(0,0,.017,1,-.01,-.004,.01,1,-.026,.004,.026,1);es="Linear";ed="In";};};{tm=.617;["Torso"]={cf=cfr(.003,0,-.107,1,0,.003,0,1,0,-.003,0,1);es="Linear";ed="In";};["Left Leg"]={cf=cfr(-.374,.098,.039,.969,-.217,.123,.207,.974,.088,-.138,-.059,.989);es="Linear";ed="In";};["Right Arm"]={cf=cfr(.001,.003,0,1,.016,-.026,-.016,1,.002,.026,-.001,1);es="Linear";ed="In";};["Left Arm"]={cf=cfr(0,.003,0,1,.01,.005,-.01,1,.006,-.005,-.006,1);es="Linear";ed="In";};["Right Leg"]={cf=cfr(.315,.092,.074,.954,.205,-.219,-.194,.979,.067,.228,-.022,.973);es="Linear";ed="In";};["Head"]={cf=cfr(0,0,.017,1,-.01,-.004,.01,1,-.027,.004,.027,1);es="Linear";ed="In";};};{tm=.633;["Torso"]={cf=cfr(.003,0,-.107,1,0,.003,0,1,0,-.003,0,1);es="Linear";ed="In";};["Left Leg"]={cf=cfr(-.376,.098,.039,.968,-.217,.123,.207,.974,.088,-.138,-.059,.989);es="Linear";ed="In";};["Right Arm"]={cf=cfr(.001,.003,0,.999,.017,-.028,-.017,1,.002,.028,-.001,1);es="Linear";ed="In";};["Left Arm"]={cf=cfr(0,.003,0,1,.011,.005,-.011,1,.006,-.005,-.006,1);es="Linear";ed="In";};["Right Leg"]={cf=cfr(.316,.092,.074,.954,.205,-.219,-.195,.978,.067,.228,-.021,.973);es="Linear";ed="In";};["Head"]={cf=cfr(0,0,.017,1,-.01,-.004,.01,1,-.028,.004,.028,1);es="Linear";ed="In";};};{tm=.65;["Torso"]={cf=cfr(.003,0,-.108,1,0,.003,0,1,0,-.003,0,1);es="Linear";ed="In";};["Left Leg"]={cf=cfr(-.377,.099,.039,.968,-.218,.123,.208,.974,.088,-.139,-.059,.989);es="Linear";ed="In";};["Right Arm"]={cf=cfr(.001,.003,0,.999,.018,-.029,-.018,1,.002,.029,-.001,1);es="Linear";ed="In";};["Left Arm"]={cf=cfr(0,.003,0,1,.011,.006,-.011,1,.006,-.005,-.006,1);es="Linear";ed="In";};["Right Leg"]={cf=cfr(.317,.092,.074,.954,.206,-.219,-.196,.978,.067,.228,-.021,.973);es="Linear";ed="In";};["Head"]={cf=cfr(0,0,.017,1,-.01,-.004,.01,1,-.03,.004,.03,1);es="Linear";ed="In";};};{tm=.667;["Torso"]={cf=cfr(.003,0,-.108,1,0,.003,0,1,0,-.003,0,1);es="Linear";ed="In";};["Left Leg"]={cf=cfr(-.378,.099,.04,.968,-.218,.123,.209,.974,.088,-.139,-.059,.989);es="Linear";ed="In";};["Right Arm"]={cf=cfr(.001,.003,0,.999,.019,-.03,-.018,1,.002,.03,-.001,1);es="Linear";ed="In";};["Left Arm"]={cf=cfr(0,.003,0,1,.012,.006,-.012,1,.006,-.006,-.007,1);es="Linear";ed="In";};["Right Leg"]={cf=cfr(.318,.093,.074,.954,.206,-.219,-.196,.978,.067,.228,-.021,.973);es="Linear";ed="In";};["Head"]={cf=cfr(0,0,.017,1,-.01,-.004,.01,.999,-.031,.004,.031,1);es="Linear";ed="In";};};{tm=.683;["Torso"]={cf=cfr(.003,0,-.108,1,0,.003,0,1,0,-.003,0,1);es="Linear";ed="In";};["Left Leg"]={cf=cfr(-.378,.099,.04,.968,-.219,.123,.209,.974,.088,-.139,-.059,.989);es="Linear";ed="In";};["Right Arm"]={cf=cfr(.001,.003,0,.999,.019,-.031,-.019,1,.002,.031,-.001,1);es="Linear";ed="In";};["Left Arm"]={cf=cfr(0,.003,0,1,.012,.006,-.012,1,.007,-.006,-.007,1);es="Linear";ed="In";};["Right Leg"]={cf=cfr(.319,.093,.075,.954,.207,-.219,-.197,.978,.067,.228,-.021,.973);es="Linear";ed="In";};["Head"]={cf=cfr(0,0,.017,1,-.01,-.004,.01,.999,-.032,.004,.032,.999);es="Linear";ed="In";};};{tm=.7;["Torso"]={cf=cfr(.003,0,-.109,1,0,.003,0,1,0,-.003,0,1);es="Linear";ed="In";};["Left Leg"]={cf=cfr(-.379,.099,.04,.968,-.219,.123,.209,.974,.088,-.139,-.059,.989);es="Linear";ed="In";};["Right Arm"]={cf=cfr(.001,.003,0,.999,.02,-.033,-.02,1,.002,.033,-.002,.999);es="Linear";ed="In";};["Left Arm"]={cf=cfr(0,.003,0,1,.013,.006,-.013,1,.007,-.006,-.007,1);es="Linear";ed="In";};["Right Leg"]={cf=cfr(.32,.093,.075,.954,.207,-.219,-.197,.978,.067,.228,-.021,.973);es="Linear";ed="In";};["Head"]={cf=cfr(0,0,.017,1,-.01,-.004,.01,.999,-.034,.004,.034,.999);es="Linear";ed="In";};};{tm=.717;["Torso"]={cf=cfr(.003,0,-.109,1,0,.003,0,1,0,-.003,0,1);es="Linear";ed="In";};["Left Leg"]={cf=cfr(-.38,.099,.04,.968,-.219,.123,.21,.974,.088,-.139,-.059,.989);es="Linear";ed="In";};["Right Arm"]={cf=cfr(.001,.003,0,.999,.021,-.034,-.021,1,.002,.034,-.002,.999);es="Linear";ed="In";};["Left Arm"]={cf=cfr(0,.003,0,1,.013,.007,-.013,1,.007,-.007,-.007,1);es="Linear";ed="In";};["Right Leg"]={cf=cfr(.32,.093,.075,.953,.207,-.219,-.197,.978,.067,.228,-.021,.973);es="Linear";ed="In";};["Head"]={cf=cfr(0,0,.017,1,-.01,-.004,.01,.999,-.035,.004,.035,.999);es="Linear";ed="In";};};{tm=.733;["Torso"]={cf=cfr(.003,0,-.109,1,0,.003,0,1,0,-.003,0,1);es="Linear";ed="In";};["Left Leg"]={cf=cfr(-.38,.099,.04,.968,-.22,.123,.21,.974,.088,-.139,-.059,.989);es="Linear";ed="In";};["Right Arm"]={cf=cfr(.001,.003,0,.999,.022,-.035,-.021,1,.002,.035,-.002,.999);es="Linear";ed="In";};["Left Arm"]={cf=cfr(0,.003,0,1,.014,.007,-.014,1,.008,-.007,-.008,1);es="Linear";ed="In";};["Right Leg"]={cf=cfr(.321,.093,.075,.953,.208,-.219,-.198,.978,.067,.228,-.021,.973);es="Linear";ed="In";};["Head"]={cf=cfr(0,0,.017,1,-.01,-.004,.01,.999,-.037,.004,.037,.999);es="Linear";ed="In";};};{tm=.75;["Torso"]={cf=cfr(.003,0,-.109,1,0,.003,0,1,0,-.003,0,1);es="Linear";ed="In";};["Left Leg"]={cf=cfr(-.38,.1,.04,.968,-.22,.123,.21,.974,.088,-.139,-.059,.989);es="Linear";ed="In";};["Right Arm"]={cf=cfr(.001,.003,0,.999,.022,-.037,-.022,1,.003,.037,-.002,.999);es="Linear";ed="In";};["Left Arm"]={cf=cfr(0,.003,0,1,.014,.007,-.014,1,.008,-.007,-.008,1);es="Linear";ed="In";};["Right Leg"]={cf=cfr(.321,.093,.075,.953,.208,-.219,-.198,.978,.067,.228,-.021,.973);es="Linear";ed="In";};["Head"]={cf=cfr(0,0,.017,1,-.01,-.004,.01,.999,-.038,.004,.038,.999);es="Linear";ed="In";};};{tm=.767;["Torso"]={cf=cfr(.003,0,-.109,1,0,.003,0,1,0,-.003,0,1);es="Linear";ed="In";};["Left Leg"]={cf=cfr(-.38,.1,.04,.968,-.22,.123,.21,.974,.088,-.139,-.059,.989);es="Linear";ed="In";};["Right Arm"]={cf=cfr(.001,.003,0,.999,.023,-.038,-.023,1,.003,.038,-.002,.999);es="Linear";ed="In";};["Left Arm"]={cf=cfr(0,.003,0,1,.015,.008,-.015,1,.008,-.008,-.008,1);es="Linear";ed="In";};["Right Leg"]={cf=cfr(.321,.093,.075,.953,.208,-.219,-.198,.978,.067,.228,-.021,.973);es="Linear";ed="In";};["Head"]={cf=cfr(0,0,.017,1,-.01,-.004,.01,.999,-.039,.004,.039,.999);es="Linear";ed="In";};};{tm=.783;["Torso"]={cf=cfr(.003,0,-.109,1,0,.003,0,1,0,-.003,0,1);es="Linear";ed="In";};["Left Leg"]={cf=cfr(-.38,.1,.04,.968,-.22,.123,.21,.974,.088,-.139,-.059,.989);es="Linear";ed="In";};["Right Arm"]={cf=cfr(.001,.003,0,.999,.024,-.039,-.024,1,.003,.039,-.002,.999);es="Linear";ed="In";};["Left Arm"]={cf=cfr(0,.003,0,1,.015,.008,-.015,1,.009,-.008,-.009,1);es="Linear";ed="In";};["Right Leg"]={cf=cfr(.321,.093,.075,.953,.208,-.219,-.198,.978,.067,.228,-.021,.973);es="Linear";ed="In";};["Head"]={cf=cfr(0,0,.017,1,-.01,-.004,.01,.999,-.041,.004,.041,.999);es="Linear";ed="In";};};{tm=.8;["Torso"]={cf=cfr(.003,0,-.109,1,0,.003,0,1,0,-.003,0,1);es="Linear";ed="In";};["Left Leg"]={cf=cfr(-.38,.1,.04,.968,-.22,.123,.21,.974,.088,-.139,-.059,.989);es="Linear";ed="In";};["Right Arm"]={cf=cfr(.001,.003,0,.999,.025,-.041,-.024,1,.003,.041,-.002,.999);es="Linear";ed="In";};["Left Arm"]={cf=cfr(0,.003,0,1,.016,.008,-.016,1,.009,-.008,-.009,1);es="Linear";ed="In";};["Right Leg"]={cf=cfr(.321,.093,.075,.953,.208,-.219,-.198,.978,.067,.228,-.021,.973);es="Linear";ed="In";};["Head"]={cf=cfr(0,0,.017,1,-.01,-.004,.01,.999,-.042,.004,.042,.999);es="Linear";ed="In";};};{tm=.817;["Torso"]={cf=cfr(.003,0,-.109,1,0,.003,0,1,0,-.003,0,1);es="Linear";ed="In";};["Left Leg"]={cf=cfr(-.38,.099,.04,.968,-.22,.123,.21,.974,.088,-.139,-.059,.989);es="Linear";ed="In";};["Right Arm"]={cf=cfr(.001,.003,0,.999,.025,-.042,-.025,1,.003,.042,-.002,.999);es="Linear";ed="In";};["Left Arm"]={cf=cfr(0,.003,0,1,.017,.009,-.017,1,.009,-.008,-.009,1);es="Linear";ed="In";};["Right Leg"]={cf=cfr(.321,.093,.075,.953,.208,-.219,-.198,.978,.067,.228,-.021,.973);es="Linear";ed="In";};["Head"]={cf=cfr(0,0,.017,1,-.01,-.004,.01,.999,-.044,.004,.044,.999);es="Linear";ed="In";};};{tm=.833;["Torso"]={cf=cfr(.003,0,-.109,1,0,.003,0,1,0,-.003,0,1);es="Linear";ed="In";};["Left Leg"]={cf=cfr(-.38,.099,.04,.968,-.219,.123,.21,.974,.088,-.139,-.059,.989);es="Linear";ed="In";};["Right Arm"]={cf=cfr(.001,.003,0,.999,.026,-.043,-.026,1,.003,.043,-.002,.999);es="Linear";ed="In";};["Left Arm"]={cf=cfr(.001,.003,0,1,.017,.009,-.017,1,.01,-.009,-.01,1);es="Linear";ed="In";};["Right Leg"]={cf=cfr(.321,.093,.075,.953,.208,-.219,-.197,.978,.067,.228,-.021,.973);es="Linear";ed="In";};["Head"]={cf=cfr(0,0,.017,1,-.01,-.004,.01,.999,-.045,.004,.045,.999);es="Linear";ed="In";};};{tm=.85;["Torso"]={cf=cfr(.003,0,-.109,1,0,.003,0,1,0,-.003,0,1);es="Linear";ed="In";};["Left Leg"]={cf=cfr(-.38,.099,.04,.968,-.219,.123,.21,.974,.088,-.139,-.059,.989);es="Linear";ed="In";};["Right Arm"]={cf=cfr(.001,.003,0,.999,.027,-.045,-.027,1,.003,.045,-.002,.999);es="Linear";ed="In";};["Left Arm"]={cf=cfr(.001,.003,0,1,.018,.009,-.018,1,.01,-.009,-.01,1);es="Linear";ed="In";};["Right Leg"]={cf=cfr(.32,.093,.075,.953,.207,-.219,-.197,.978,.067,.228,-.021,.973);es="Linear";ed="In";};["Head"]={cf=cfr(0,0,.017,1,-.01,-.004,.01,.999,-.046,.005,.046,.999);es="Linear";ed="In";};};{tm=.867;["Torso"]={cf=cfr(.003,0,-.109,1,0,.003,0,1,0,-.003,0,1);es="Linear";ed="In";};["Left Leg"]={cf=cfr(-.379,.099,.04,.968,-.219,.123,.209,.974,.088,-.139,-.059,.989);es="Linear";ed="In";};["Right Arm"]={cf=cfr(.001,.003,0,.999,.028,-.046,-.027,1,.004,.046,-.002,.999);es="Linear";ed="In";};["Left Arm"]={cf=cfr(.001,.003,-.001,1,.018,.01,-.018,1,.01,-.01,-.01,1);es="Linear";ed="In";};["Right Leg"]={cf=cfr(.32,.093,.075,.954,.207,-.219,-.197,.978,.067,.228,-.021,.973);es="Linear";ed="In";};["Head"]={cf=cfr(0,0,.017,1,-.01,-.004,.01,.999,-.048,.005,.048,.999);es="Linear";ed="In";};};{tm=.883;["Torso"]={cf=cfr(.003,0,-.109,1,0,.003,0,1,0,-.003,0,1);es="Linear";ed="In";};["Left Leg"]={cf=cfr(-.379,.099,.04,.968,-.219,.123,.209,.974,.088,-.139,-.059,.989);es="Linear";ed="In";};["Right Arm"]={cf=cfr(.001,.003,0,.998,.028,-.048,-.028,1,.004,.048,-.002,.999);es="Linear";ed="In";};["Left Arm"]={cf=cfr(.001,.003,-.001,1,.019,.01,-.019,1,.01,-.01,-.011,1);es="Linear";ed="In";};["Right Leg"]={cf=cfr(.32,.093,.075,.954,.207,-.219,-.197,.978,.067,.228,-.021,.973);es="Linear";ed="In";};["Head"]={cf=cfr(0,0,.017,1,-.01,-.004,.01,.999,-.049,.005,.049,.999);es="Linear";ed="In";};};{tm=.9;["Torso"]={cf=cfr(.003,0,-.108,1,0,.003,0,1,0,-.003,0,1);es="Linear";ed="In";};["Left Leg"]={cf=cfr(-.378,.099,.04,.968,-.219,.123,.209,.974,.088,-.139,-.059,.989);es="Linear";ed="In";};["Right Arm"]={cf=cfr(.001,.003,0,.998,.029,-.049,-.029,1,.004,.049,-.003,.999);es="Linear";ed="In";};["Left Arm"]={cf=cfr(.001,.003,-.001,1,.019,.01,-.02,1,.011,-.01,-.011,1);es="Linear";ed="In";};["Right Leg"]={cf=cfr(.319,.093,.075,.954,.207,-.219,-.197,.978,.067,.228,-.021,.973);es="Linear";ed="In";};["Head"]={cf=cfr(0,0,.017,1,-.01,-.004,.01,.999,-.05,.005,.05,.999);es="Linear";ed="In";};};{tm=.917;["Torso"]={cf=cfr(.003,0,-.108,1,0,.003,0,1,0,-.003,0,1);es="Linear";ed="In";};["Left Leg"]={cf=cfr(-.378,.099,.04,.968,-.218,.123,.209,.974,.088,-.139,-.059,.989);es="Linear";ed="In";};["Right Arm"]={cf=cfr(.001,.003,0,.998,.03,-.05,-.03,1,.004,.05,-.003,.999);es="Linear";ed="In";};["Left Arm"]={cf=cfr(.001,.003,-.001,1,.02,.011,-.02,1,.011,-.011,-.011,1);es="Linear";ed="In";};["Right Leg"]={cf=cfr(.319,.093,.075,.954,.206,-.219,-.196,.978,.067,.228,-.021,.973);es="Linear";ed="In";};["Head"]={cf=cfr(0,0,.017,1,-.01,-.004,.01,.999,-.052,.005,.052,.999);es="Linear";ed="In";};};{tm=.933;["Torso"]={cf=cfr(.003,0,-.108,1,0,.003,0,1,0,-.003,0,1);es="Linear";ed="In";};["Left Leg"]={cf=cfr(-.377,.099,.039,.968,-.218,.123,.208,.974,.088,-.139,-.059,.989);es="Linear";ed="In";};["Right Arm"]={cf=cfr(.001,.003,0,.998,.03,-.052,-.03,1,.004,.052,-.003,.999);es="Linear";ed="In";};["Left Arm"]={cf=cfr(.001,.003,-.001,1,.021,.011,-.021,1,.011,-.011,-.012,1);es="Linear";ed="In";};["Right Leg"]={cf=cfr(.318,.093,.074,.954,.206,-.219,-.196,.978,.067,.228,-.021,.973);es="Linear";ed="In";};["Head"]={cf=cfr(0,0,.017,1,-.01,-.004,.01,.999,-.053,.005,.053,.999);es="Linear";ed="In";};};{tm=.95;["Torso"]={cf=cfr(.003,0,-.108,1,0,.003,0,1,0,-.003,0,1);es="Linear";ed="In";};["Left Leg"]={cf=cfr(-.377,.099,.039,.968,-.218,.123,.208,.974,.088,-.138,-.059,.989);es="Linear";ed="In";};["Right Arm"]={cf=cfr(.001,.003,0,.998,.031,-.053,-.031,1,.004,.053,-.003,.999);es="Linear";ed="In";};["Left Arm"]={cf=cfr(.001,.003,-.001,1,.021,.012,-.021,1,.012,-.011,-.012,1);es="Linear";ed="In";};["Right Leg"]={cf=cfr(.317,.092,.074,.954,.206,-.219,-.196,.978,.067,.228,-.021,.973);es="Linear";ed="In";};["Head"]={cf=cfr(0,0,.017,1,-.01,-.004,.01,.998,-.054,.005,.054,.999);es="Linear";ed="In";};};{tm=.967;["Torso"]={cf=cfr(.003,0,-.107,1,0,.003,0,1,0,-.003,0,1);es="Linear";ed="In";};["Left Leg"]={cf=cfr(-.376,.098,.039,.968,-.217,.123,.208,.974,.088,-.138,-.059,.989);es="Linear";ed="In";};["Right Arm"]={cf=cfr(.001,.003,0,.998,.032,-.054,-.032,.999,.005,.055,-.003,.999);es="Linear";ed="In";};["Left Arm"]={cf=cfr(.001,.003,-.001,1,.022,.012,-.022,1,.012,-.012,-.012,1);es="Linear";ed="In";};["Right Leg"]={cf=cfr(.317,.092,.074,.954,.205,-.219,-.195,.978,.067,.228,-.021,.973);es="Linear";ed="In";};["Head"]={cf=cfr(0,0,.017,1,-.01,-.004,.01,.998,-.056,.005,.056,.998);es="Linear";ed="In";};};{tm=.983;["Torso"]={cf=cfr(.003,0,-.107,1,0,.003,0,1,0,-.003,0,1);es="Linear";ed="In";};["Left Leg"]={cf=cfr(-.375,.098,.039,.968,-.217,.123,.207,.974,.088,-.138,-.059,.989);es="Linear";ed="In";};["Right Arm"]={cf=cfr(.001,.003,0,.998,.033,-.056,-.032,.999,.005,.056,-.003,.998);es="Linear";ed="In";};["Left Arm"]={cf=cfr(.001,.003,-.001,1,.022,.012,-.023,1,.013,-.012,-.013,1);es="Linear";ed="In";};["Right Leg"]={cf=cfr(.316,.092,.074,.954,.205,-.219,-.195,.979,.067,.228,-.021,.973);es="Linear";ed="In";};["Head"]={cf=cfr(0,0,.017,1,-.01,-.004,.01,.998,-.057,.005,.057,.998);es="Linear";ed="In";};};{tm=1;["Torso"]={cf=cfr(.003,0,-.107,1,0,.003,0,1,0,-.003,0,1);es="Linear";ed="In";};["Left Leg"]={cf=cfr(-.374,.098,.039,.969,-.217,.123,.207,.974,.088,-.138,-.059,.989);es="Linear";ed="In";};["Right Arm"]={cf=cfr(.001,.003,0,.998,.033,-.057,-.033,.999,.005,.057,-.003,.998);es="Linear";ed="In";};["Left Arm"]={cf=cfr(.001,.003,-.001,1,.023,.013,-.023,1,.013,-.012,-.013,1);es="Linear";ed="In";};["Right Leg"]={cf=cfr(.315,.092,.074,.954,.205,-.219,-.194,.979,.067,.228,-.022,.973);es="Linear";ed="In";};["Head"]={cf=cfr(0,0,.017,1,-.01,-.004,.01,.998,-.058,.005,.058,.998);es="Linear";ed="In";};};{tm=1.017;["Torso"]={cf=cfr(.003,0,-.106,1,0,.003,0,1,0,-.003,0,1);es="Linear";ed="In";};["Left Leg"]={cf=cfr(-.373,.098,.039,.969,-.216,.123,.206,.975,.088,-.138,-.06,.989);es="Linear";ed="In";};["Right Arm"]={cf=cfr(.001,.003,0,.998,.034,-.059,-.034,.999,.005,.059,-.003,.998);es="Linear";ed="In";};["Left Arm"]={cf=cfr(.001,.003,-.001,1,.024,.013,-.024,1,.013,-.013,-.014,1);es="Linear";ed="In";};["Right Leg"]={cf=cfr(.314,.092,.074,.954,.204,-.219,-.194,.979,.067,.228,-.022,.973);es="Linear";ed="In";};["Head"]={cf=cfr(0,0,.017,1,-.01,-.004,.01,.998,-.059,.005,.059,.998);es="Linear";ed="In";};};{tm=1.033;["Torso"]={cf=cfr(.003,0,-.106,1,0,.003,0,1,0,-.003,0,1);es="Linear";ed="In";};["Left Leg"]={cf=cfr(-.373,.098,.039,.969,-.216,.123,.206,.975,.088,-.138,-.06,.989);es="Linear";ed="In";};["Right Arm"]={cf=cfr(.001,.003,0,.998,.035,-.06,-.034,.999,.005,.06,-.003,.998);es="Linear";ed="In";};["Left Arm"]={cf=cfr(.001,.003,-.001,1,.024,.014,-.024,1,.014,-.013,-.014,1);es="Linear";ed="In";};["Right Leg"]={cf=cfr(.313,.091,.073,.954,.204,-.219,-.194,.979,.067,.228,-.022,.973);es="Linear";ed="In";};["Head"]={cf=cfr(0,0,.017,1,-.01,-.004,.01,.998,-.061,.005,.061,.998);es="Linear";ed="In";};};{tm=1.05;["Torso"]={cf=cfr(.003,0,-.105,1,0,.003,0,1,0,-.003,0,1);es="Linear";ed="In";};["Left Leg"]={cf=cfr(-.372,.097,.039,.969,-.215,.123,.205,.975,.088,-.138,-.06,.989);es="Linear";ed="In";};["Right Arm"]={cf=cfr(.002,.003,0,.997,.035,-.061,-.035,.999,.006,.062,-.003,.998);es="Linear";ed="In";};["Left Arm"]={cf=cfr(.001,.003,-.001,1,.025,.014,-.025,1,.014,-.014,-.014,1);es="Linear";ed="In";};["Right Leg"]={cf=cfr(.312,.091,.073,.954,.203,-.219,-.193,.979,.067,.228,-.022,.973);es="Linear";ed="In";};["Head"]={cf=cfr(0,0,.017,1,-.01,-.004,.01,.998,-.062,.005,.062,.998);es="Linear";ed="In";};};{tm=1.067;["Torso"]={cf=cfr(.003,0,-.105,1,0,.003,0,1,0,-.003,0,1);es="Linear";ed="In";};["Left Leg"]={cf=cfr(-.371,.097,.039,.969,-.215,.123,.205,.975,.087,-.138,-.06,.989);es="Linear";ed="In";};["Right Arm"]={cf=cfr(.002,.003,0,.997,.036,-.063,-.036,.999,.006,.063,-.003,.998);es="Linear";ed="In";};["Left Arm"]={cf=cfr(.001,.003,-.001,1,.025,.014,-.026,1,.014,-.014,-.015,1);es="Linear";ed="In";};["Right Leg"]={cf=cfr(.311,.091,.073,.954,.203,-.219,-.193,.979,.067,.228,-.022,.973);es="Linear";ed="In";};["Head"]={cf=cfr(0,0,.017,1,-.01,-.004,.01,.998,-.063,.005,.063,.998);es="Linear";ed="In";};};{tm=1.083;["Torso"]={cf=cfr(.003,0,-.104,1,0,.003,0,1,0,-.003,0,1);es="Linear";ed="In";};["Left Leg"]={cf=cfr(-.37,.097,.039,.969,-.214,.123,.204,.975,.087,-.138,-.06,.989);es="Linear";ed="In";};["Right Arm"]={cf=cfr(.002,.003,0,.997,.037,-.064,-.036,.999,.006,.064,-.004,.998);es="Linear";ed="In";};["Left Arm"]={cf=cfr(.001,.003,-.001,1,.026,.015,-.026,1,.015,-.015,-.015,1);es="Linear";ed="In";};["Right Leg"]={cf=cfr(.31,.091,.073,.955,.202,-.219,-.192,.979,.067,.228,-.022,.973);es="Linear";ed="In";};["Head"]={cf=cfr(0,0,.017,1,-.01,-.004,.01,.998,-.064,.005,.064,.998);es="Linear";ed="In";};};{tm=1.1;["Torso"]={cf=cfr(.003,0,-.104,1,0,.003,0,1,0,-.003,0,1);es="Linear";ed="In";};["Left Leg"]={cf=cfr(-.368,.097,.039,.969,-.213,.123,.204,.975,.087,-.138,-.06,.989);es="Linear";ed="In";};["Right Arm"]={cf=cfr(.002,.003,0,.997,.037,-.066,-.037,.999,.006,.066,-.004,.998);es="Linear";ed="In";};["Left Arm"]={cf=cfr(.001,.003,-.001,1,.027,.015,-.027,1,.015,-.015,-.015,1);es="Linear";ed="In";};["Right Leg"]={cf=cfr(.309,.09,.073,.955,.202,-.219,-.191,.979,.067,.228,-.022,.973);es="Linear";ed="In";};["Head"]={cf=cfr(0,0,.017,1,-.01,-.004,.01,.998,-.065,.005,.065,.998);es="Linear";ed="In";};};{tm=1.117;["Torso"]={cf=cfr(.003,0,-.103,1,0,.003,0,1,0,-.003,0,1);es="Linear";ed="In";};["Left Leg"]={cf=cfr(-.367,.096,.038,.969,-.213,.123,.203,.975,.087,-.138,-.06,.989);es="Linear";ed="In";};["Right Arm"]={cf=cfr(.002,.003,0,.997,.038,-.067,-.038,.999,.006,.067,-.004,.998);es="Linear";ed="In";};["Left Arm"]={cf=cfr(.001,.003,-.001,1,.027,.016,-.028,1,.015,-.015,-.016,1);es="Linear";ed="In";};["Right Leg"]={cf=cfr(.308,.09,.072,.955,.201,-.219,-.191,.979,.067,.228,-.022,.973);es="Linear";ed="In";};["Head"]={cf=cfr(0,0,.017,1,-.01,-.004,.01,.998,-.066,.005,.066,.998);es="Linear";ed="In";};};{tm=1.133;["Torso"]={cf=cfr(.003,0,-.103,1,0,.003,0,1,0,-.003,0,1);es="Linear";ed="In";};["Left Leg"]={cf=cfr(-.366,.096,.038,.97,-.212,.123,.202,.975,.087,-.138,-.06,.989);es="Linear";ed="In";};["Right Arm"]={cf=cfr(.002,.003,0,.997,.038,-.068,-.038,.999,.007,.068,-.004,.998);es="Linear";ed="In";};["Left Arm"]={cf=cfr(.001,.003,-.001,.999,.028,.016,-.028,.999,.016,-.016,-.016,1);es="Linear";ed="In";};["Right Leg"]={cf=cfr(.307,.09,.072,.955,.2,-.219,-.19,.979,.067,.228,-.022,.973);es="Linear";ed="In";};["Head"]={cf=cfr(0,0,.017,1,-.01,-.004,.01,.998,-.067,.005,.067,.998);es="Linear";ed="In";};};{tm=1.15;["Torso"]={cf=cfr(.003,0,-.102,1,0,.003,0,1,0,-.003,0,1);es="Linear";ed="In";};["Left Leg"]={cf=cfr(-.365,.096,.038,.97,-.212,.123,.202,.976,.087,-.138,-.06,.989);es="Linear";ed="In";};["Right Arm"]={cf=cfr(.002,.003,0,.997,.039,-.07,-.03