return {{tm=0;["pelvis"]={cf=cfr(0,-.013,0,1,0,0,0,.999,.049,0,-.049,.999);es="Linear";ed="In";};["torso"]={cf=cfr(0,0,0,1,0,0,0,.997,.076,0,-.076,.997);es="Linear";ed="In";};["shoulderl"]={cf=cfr(0,0,0,1,0,0,0,1,0,0,0,1);es="Linear";ed="In";};["arml"]={cf=cfr(0,0,0,.378,-.926,0,.926,.378,0,0,0,1);es="Linear";ed="In";};["elbowl"]={cf=cfr(0,0,0,.999,-.035,0,.035,.999,0,0,0,1);es="Linear";ed="In";};["handl"]={cf=cfr(0,0,0,1,0,0,0,1,0,0,0,1);es="Linear";ed="In";};["shoulderr"]={cf=cfr(0,0,0,1,0,0,0,1,0,0,0,1);es="Linear";ed="In";};["armr"]={cf=cfr(0,0,0,.354,.935,0,-.935,.354,0,0,0,1);es="Linear";ed="In";};["elbowr"]={cf=cfr(0,0,0,1,.002,0,-.002,1,0,0,0,1);es="Linear";ed="In";};["handr"]={cf=cfr(0,0,0,1,0,0,0,1,0,0,0,1);es="Linear";ed="In";};["itemr"]={cf=cfr(0,0,0,1,0,0,0,1,0,0,0,1);es="Linear";ed="In";};["head"]={cf=cfr(0,0,0,1,0,0,0,.998,-.055,0,.055,.998);es="Linear";ed="In";};["hipr"]={cf=cfr(0,0,0,1,0,0,0,1,0,0,0,1);es="Linear";ed="In";};["legr"]={cf=cfr(0,0,0,.687,.726,.012,-.726,.687,-.001,-.009,-.007,1);es="Linear";ed="In";};["footr"]={cf=cfr(0,0,0,.971,-.24,0,.24,.971,.001,0,-.001,1);es="Linear";ed="In";};["hipl"]={cf=cfr(0,0,0,1,0,0,0,1,0,0,0,1);es="Linear";ed="In";};["legl"]={cf=cfr(0,0,0,.862,.508,0,-.508,.862,0,0,0,1);es="Linear";ed="In";};["footl"]={cf=cfr(0,0,0,1,0,0,0,1,0,0,0,1);es="Linear";ed="In";};["head_cat"]={cf=cfr(0,0,0,1,0,0,0,1,0,0,0,1);es="Linear";ed="In";};["tool_placeholder"]={cf=cfr(0,0,0,1,0,0,0,1,0,0,0,1);es="Linear";ed="In";};["body_main"]={cf=cfr(0,0,0,1,0,0,0,1,0,0,0,1);es="Linear";ed="In";};["Sprite3D"]={cf=cfr(0,0,0,1,0,0,0,1,0,0,0,1);es="Linear";ed="In";};["body"]={cf=cfr(0,0,0,1,0,0,0,1,0,0,0,1);es="Linear";ed="In";};["Spatial2"]={cf=cfr(0,0,0,1,0,0,0,1,0,0,0,1);es="Linear";ed="In";};["AnimationTree"]={cf=cfr(0,0,0,1,0,0,0,1,0,0,0,1);es="Linear";ed="In";};["glistening"]={cf=cfr(0,0,0,1,0,0,0,1,0,0,0,1);es="Linear";ed="In";};["Spatial"]={cf=cfr(0,0,0,1,0,0,0,1,0,0,0,1);es="Linear";ed="In";};["radiant"]={cf=cfr(0,0,0,1,0,0,0,1,0,0,0,1);es="Linear";ed="In";};["Armature"]={cf=cfr(0,0,0,1,0,0,0,1,0,0,0,1);es="Linear";ed="In";};["AnimationPlayer"]={cf=cfr(0,0,0,1,0,0,0,1,0,0,0,1);es="Linear";ed="In";};["footr_end"]={cf=cfr(0,0,0,1,0,0,0,1,0,0,0,1);es="Linear";ed="In";};["player_body"]={cf=cfr(0,0,0,1,0,0,0,1,0,0,0,1);es="Linear";ed="In";};["handl_end"]={cf=cfr(0,0,0,1,0,0,0,1,0,0,0,1);es="Linear";ed="In";};["RootNode"]={cf=cfr(0,0,0,-1,0,0,0,1,0,0,0,-1);es="Linear";ed="In";};["opulent"]={cf=cfr(0,0,0,1,0,0,0,1,0,0,0,1);es="Linear";ed="In";};["itemr_end"]={cf=cfr(0,0,0,1,0,0,0,1,0,0,0,1);es="Linear";ed="In";};["alpha"]={cf=cfr(0,0,0,1,0,0,0,1,0,0,0,1);es="Linear";ed="In";};["shining"]={cf=cfr(0,0,0,1,0,0,0,1,0,0,0,1);es="Linear";ed="In";};["head_end"]={cf=cfr(0,0,0,1,0,0,0,1,0,0,0,1);es="Linear";ed="In";};["footl_end"]={cf=cfr(0,0,0,1,0,0,0,1,0,0,0,1);es="Linear";ed="In";};};{tm=.042;["pelvis"]={cf=cfr(0,-.009,0,1,0,0,0,.999,.049,0,-.049,.999);es="Linear";ed="In";};["torso"]={cf=cfr(0,0,0,1,0,0,0,.997,.074,0,-.074,.997);es="Linear";ed="In";};["shoulderl"]={cf=cfr(0,0,0,1,0,0,0,1,0,0,0,1);es="Linear";ed="In";};["arml"]={cf=cfr(0,0,0,.378,-.926,0,.926,.378,0,0,0,1);es="Linear";ed="In";};["elbowl"]={cf=cfr(0,0,0,.999,-.035,0,.035,.999,0,0,0,1);es="Linear";ed="In";};["handl"]={cf=cfr(0,0,0,1,0,0,0,1,0,0,0,1);es="Linear";ed="In";};["shoulderr"]={cf=cfr(0,0,0,1,0,0,0,1,0,0,0,1);es="Linear";ed="In";};["armr"]={cf=cfr(0,0,0,.354,.935,0,-.935,.354,0,0,0,1);es="Linear";ed="In";};["elbowr"]={cf=cfr(0,0,0,1,.002,0,-.002,1,0,0,0,1);es="Linear";ed="In";};["handr"]={cf=cfr(0,0,0,1,0,0,0,1,0,0,0,1);es="Linear";ed="In";};["itemr"]={cf=cfr(0,0,0,1,0,0,0,1,0,0,0,1);es="Linear";ed="In";};["head"]={cf=cfr(0,0,0,1,0,0,0,.998,-.06,0,.06,.998);es="Linear";ed="In";};["hipr"]={cf=cfr(0,0,0,1,0,0,0,1,0,0,0,1);es="Linear";ed="In";};["legr"]={cf=cfr(0,0,0,.727,.687,.01,-.687,.727,-.001,-.008,-.006,1);es="Linear";ed="In";};["footr"]={cf=cfr(0,0,0,.972,-.233,0,.233,.972,.001,0,-.001,1);es="Linear";ed="In";};["hipl"]={cf=cfr(0,0,0,1,0,0,0,1,0,0,0,1);es="Linear";ed="In";};["legl"]={cf=cfr(0,0,0,.881,.474,0,-.474,.881,0,0,0,1);es="Linear";ed="In";};["footl"]={cf=cfr(0,0,0,1,.028,0,-.028,1,0,0,0,1);es="Linear";ed="In";};["head_cat"]={cf=cfr(0,0,0,1,0,0,0,1,0,0,0,1);es="Linear";ed="In";};["tool_placeholder"]={cf=cfr(0,0,0,1,0,0,0,1,0,0,0,1);es="Linear";ed="In";};["body_main"]={cf=cfr(0,0,0,1,0,0,0,1,0,0,0,1);es="Linear";ed="In";};["Sprite3D"]={cf=cfr(0,0,0,1,0,0,0,1,0,0,0,1);es="Linear";ed="In";};["body"]={cf=cfr(0,0,0,1,0,0,0,1,0,0,0,1);es="Linear";ed="In";};["Spatial2"]={cf=cfr(0,0,0,1,0,0,0,1,0,0,0,1);es="Linear";ed="In";};["AnimationTree"]={cf=cfr(0,0,0,1,0,0,0,1,0,0,0,1);es="Linear";ed="In";};["glistening"]={cf=cfr(0,0,0,1,0,0,0,1,0,0,0,1);es="Linear";ed="In";};["Spatial"]={cf=cfr(0,0,0,1,0,0,0,1,0,0,0,1);es="Linear";ed="In";};["radiant"]={cf=cfr(0,0,0,1,0,0,0,1,0,0,0,1);es="Linear";ed="In";};["Armature"]={cf=cfr(0,0,0,1,0,0,0,1,0,0,0,1);es="Linear";ed="In";};["AnimationPlayer"]={cf=cfr(0,0,0,1,0,0,0,1,0,0,0,1);es="Linear";ed="In";};["footr_end"]={cf=cfr(0,0,0,1,0,0,0,1,0,0,0,1);es="Linear";ed="In";};["player_body"]={cf=cfr(0,0,0,1,0,0,0,1,0,0,0,1);es="Linear";ed="In";};["handl_end"]={cf=cfr(0,0,0,1,0,0,0,1,0,0,0,1);es="Linear";ed="In";};["RootNode"]={cf=cfr(0,0,0,-1,0,0,0,1,0,0,0,-1);es="Linear";ed="In";};["opulent"]={cf=cfr(0,0,0,1,0,0,0,1,0,0,0,1);es="Linear";ed="In";};["itemr_end"]={cf=cfr(0,0,0,1,0,0,0,1,0,0,0,1);es="Linear";ed="In";};["alpha"]={cf=cfr(0,0,0,1,0,0,0,1,0,0,0,1);es="Linear";ed="In";};["shining"]={cf=cfr(0,0,0,1,0,0,0,1,0,0,0,1);es="Linear";ed="In";};["head_end"]={cf=cfr(0,0,0,1,0,0,0,1,0,0,0,1);es="Linear";ed="In";};["footl_end"]={cf=cfr(0,0,0,1,0,0,0,1,0,0,0,1);es="Linear";ed="In";};};{tm=.083;["pelvis"]={cf=cfr(0,-.004,0,1,0,0,0,.999,.049,0,-.049,.999);es="Linear";ed="In";};["torso"]={cf=cfr(0,0,0,1,0,0,0,.997,.071,0,-.071,.997);es="Linear";ed="In";};["shoulderl"]={cf=cfr(0,0,0,1,0,0,0,1,0,0,0,1);es="Linear";ed="In";};["arml"]={cf=cfr(0,0,0,.378,-.926,0,.926,.378,0,0,0,1);es="Linear";ed="In";};["elbowl"]={cf=cfr(0,0,0,.999,-.035,0,.035,.999,0,0,0,1);es="Linear";ed="In";};["handl"]={cf=cfr(0,0,0,1,0,0,0,1,0,0,0,1);es="Linear";ed="In";};["shoulderr"]={cf=cfr(0,0,0,1,0,0,0,1,0,0,0,1);es="Linear";ed="In";};["armr"]={cf=cfr(0,0,0,.354,.935,0,-.935,.354,0,0,0,1);es="Linear";ed="In";};["elbowr"]={cf=cfr(0,0,0,1,.002,0,-.002,1,0,0,0,1);es="Linear";ed="In";};["handr"]={cf=cfr(0,0,0,1,0,0,0,1,0,0,0,1);es="Linear";ed="In";};["itemr"]={cf=cfr(0,0,0,1,0,0,0,1,0,0,0,1);es="Linear";ed="In";};["head"]={cf=cfr(0,0,0,1,0,0,0,.998,-.066,0,.066,.998);es="Linear";ed="In";};["hipr"]={cf=cfr(0,0,0,1,0,0,0,1,0,0,0,1);es="Linear";ed="In";};["legr"]={cf=cfr(0,0,0,.783,.622,.008,-.622,.783,0,-.007,-.005,1);es="Linear";ed="In";};["footr"]={cf=cfr(0,0,0,.977,-.215,0,.215,.977,0,0,0,1);es="Linear";ed="In";};["hipl"]={cf=cfr(0,0,0,1,0,0,0,1,0,0,0,1);es="Linear";ed="In";};["legl"]={cf=cfr(0,0,0,.908,.42,0,-.42,.908,0,0,0,1);es="Linear";ed="In";};["footl"]={cf=cfr(0,0,0,.995,.097,0,-.097,.995,0,0,0,1);es="Linear";ed="In";};["head_cat"]={cf=cfr(0,0,0,1,0,0,0,1,0,0,0,1);es="Linear";ed="In";};["tool_placeholder"]={cf=cfr(0,0,0,1,0,0,0,1,0,0,0,1);es="Linear";ed="In";};["body_main"]={cf=cfr(0,0,0,1,0,0,0,1,0,0,0,1);es="Linear";ed="In";};["Sprite3D"]={cf=cfr(0,0,0,1,0,0,0,1,0,0,0,1);es="Linear";ed="In";};["body"]={cf=cfr(0,0,0,1,0,0,0,1,0,0,0,1);es="Linear";ed="In";};["Spatial2"]={cf=cfr(0,0,0,1,0,0,0,1,0,0,0,1);es="Linear";ed="In";};["AnimationTree"]={cf=cfr(0,0,0,1,0,0,0,1,0,0,0,1);es="Linear";ed="In";};["glistening"]={cf=cfr(0,0,0,1,0,0,0,1,0,0,0,1);es="Linear";ed="In";};["Spatial"]={cf=cfr(0,0,0,1,0,0,0,1,0,0,0,1);es="Linear";ed="In";};["radiant"]={cf=cfr(0,0,0,1,0,0,0,1,0,0,0,1);es="Linear";ed="In";};["Armature"]={cf=cfr(0,0,0,1,0,0,0,1,0,0,0,1);es="Linear";ed="In";};["AnimationPlayer"]={cf=cfr(0,0,0,1,0,0,0,1,0,0,0,1);es="Linear";ed="In";};["footr_end"]={cf=cfr(0,0,0,1,0,0,0,1,0,0,0,1);es="Linear";ed="In";};["player_body"]={cf=cfr(0,0,0,1,0,0,0,1,0,0,0,1);es="Linear";ed="In";};["handl_end"]={cf=cfr(0,0,0,1,0,0,0,1,0,0,0,1);es="Linear";ed="In";};["RootNode"]={cf=cfr(0,0,0,-1,0,0,0,1,0,0,0,-1);es="Linear";ed="In";};["opulent"]={cf=cfr(0,0,0,1,0,0,0,1,0,0,0,1);es="Linear";ed="In";};["itemr_end"]={cf=cfr(0,0,0,1,0,0,0,1,0,0,0,1);es="Linear";ed="In";};["alpha"]={cf=cfr(0,0,0,1,0,0,0,1,0,0,0,1);es="Linear";ed="In";};["shining"]={cf=cfr(0,0,0,1,0,0,0,1,0,0,0,1);es="Linear";ed="In";};["head_end"]={cf=cfr(0,0,0,1,0,0,0,1,0,0,0,1);es="Linear";ed="In";};["footl_end"]={cf=cfr(0,0,0,1,0,0,0,1,0,0,0,1);es="Linear";ed="In";};};{tm=.125;["pelvis"]={cf=cfr(0,.004,0,1,0,0,0,.999,.049,0,-.049,.999);es="Linear";ed="In";};["torso"]={cf=cfr(0,0,0,1,0,0,0,.998,.068,0,-.068,.998);es="Linear";ed="In";};["shoulderl"]={cf=cfr(0,0,0,1,0,0,0,1,0,0,0,1);es="Linear";ed="In";};["arml"]={cf=cfr(0,0,0,.378,-.926,0,.926,.378,0,0,0,1);es="Linear";ed="In";};["elbowl"]={cf=cfr(0,0,0,.999,-.035,0,.035,.999,0,0,0,1);es="Linear";ed="In";};["handl"]={cf=cfr(0,0,0,1,0,0,0,1,0,0,0,1);es="Linear";ed="In";};["shoulderr"]={cf=cfr(0,0,0,1,0,0,0,1,0,0,0,1);es="Linear";ed="In";};["armr"]={cf=cfr(0,0,0,.354,.935,0,-.935,.354,0,0,0,1);es="Linear";ed="In";};["elbowr"]={cf=cfr(0,0,0,1,.002,0,-.002,1,0,0,0,1);es="Linear";ed="In";};["handr"]={cf=cfr(0,0,0,1,0,0,0,1,0,0,0,1);es="Linear";ed="In";};["itemr"]={cf=cfr(0,0,0,1,0,0,0,1,0,0,0,1);es="Linear";ed="In";};["head"]={cf=cfr(0,0,0,1,0,0,0,.997,-.074,0,.074,.997);es="Linear";ed="In";};["hipr"]={cf=cfr(0,0,0,1,0,0,0,1,0,0,0,1);es="Linear";ed="In";};["legr"]={cf=cfr(0,0,0,.857,.516,.006,-.516,.857,0,-.005,-.003,1);es="Linear";ed="In";};["footr"]={cf=cfr(0,0,0,.984,-.178,0,.178,.984,0,0,0,1);es="Linear";ed="In";};["hipl"]={cf=cfr(0,0,0,1,0,0,0,1,0,0,0,1);es="Linear";ed="In";};["legl"]={cf=cfr(0,0,0,.942,.335,0,-.335,.942,0,0,0,1);es="Linear";ed="In";};["footl"]={cf=cfr(0,0,0,.975,.223,0,-.223,.975,0,0,0,1);es="Linear";ed="In";};["head_cat"]={cf=cfr(0,0,0,1,0,0,0,1,0,0,0,1);es="Linear";ed="In";};["tool_placeholder"]={cf=cfr(0,0,0,1,0,0,0,1,0,0,0,1);es="Linear";ed="In";};["body_main"]={cf=cfr(0,0,0,1,0,0,0,1,0,0,0,1);es="Linear";ed="In";};["Sprite3D"]={cf=cfr(0,0,0,1,0,0,0,1,0,0,0,1);es="Linear";ed="In";};["body"]={cf=cfr(0,0,0,1,0,0,0,1,0,0,0,1);es="Linear";ed="In";};["Spatial2"]={cf=cfr(0,0,0,1,0,0,0,1,0,0,0,1);es="Linear";ed="In";};["AnimationTree"]={cf=cfr(0,0,0,1,0,0,0,1,0,0,0,1);es="Linear";ed="In";};["glistening"]={cf=cfr(0,0,0,1,0,0,0,1,0,0,0,1);es="Linear";ed="In";};["Spatial"]={cf=cfr(0,0,0,1,0,0,0,1,0,0,0,1);es="Linear";ed="In";};["radiant"]={cf=cfr(0,0,0,1,0,0,0,1,0,0,0,1);es="Linear";ed="In";};["Armature"]={cf=cfr(0,0,0,1,0,0,0,1,0,0,0,1);es="Linear";ed="In";};["AnimationPlayer"]={cf=cfr(0,0,0,1,0,0,0,1,0,0,0,1);es="Linear";ed="In";};["footr_end"]={cf=cfr(0,0,0,1,0,0,0,1,0,0,0,1);es="Linear";ed="In";};["player_body"]={cf=cfr(0,0,0,1,0,0,0,1,0,0,0,1);es="Linear";ed="In";};["handl_end"]={cf=cfr(0,0,0,1,0,0,0,1,0,0,0,1);es="Linear";ed="In";};["RootNode"]={cf=cfr(0,0,0,-1,0,0,0,1,0,0,0,-1);es="Linear";ed="In";};["opulent"]={cf=cfr(0,0,0,1,0,0,0,1,0,0,0,1);es="Linear";ed="In";};["itemr_end"]={cf=cfr(0,0,0,1,0,0,0,1,0,0,0,1);es="Linear";ed="In";};["alpha"]={cf=cfr(0,0,0,1,0,0,0,1,0,0,0,1);es="Linear";ed="In";};["shining"]={cf=cfr(0,0,0,1,0,0,0,1,0,0,0,1);es="Linear";ed="In";};["head_end"]={cf=cfr(0,0,0,1,0,0,0,1,0,0,0,1);es="Linear";ed="In";};["footl_end"]={cf=cfr(0,0,0,1,0,0,0,1,0,0,0,1);es="Linear";ed="In";};};{tm=.167;["pelvis"]={cf=cfr(0,.011,0,1,0,0,0,.999,.049,0,-.049,.999);es="Linear";ed="In";};["torso"]={cf=cfr(0,0,0,1,0,0,0,.998,.064,0,-.064,.998);es="Linear";ed="In";};["shoulderl"]={cf=cfr(0,0,0,1,0,0,0,1,0,0,0,1);es="Linear";ed="In";};["arml"]={cf=cfr(0,0,0,.378,-.926,0,.926,.378,0,0,0,1);es="Linear";ed="In";};["elbowl"]={cf=cfr(0,0,0,.999,-.035,0,.035,.999,0,0,0,1);es="Linear";ed="In";};["handl"]={cf=cfr(0,0,0,1,0,0,0,1,0,0,0,1);es="Linear";ed="In";};["shoulderr"]={cf=cfr(0,0,0,1,0,0,0,1,0,0,0,1);es="Linear";ed="In";};["armr"]={cf=cfr(0,0,0,.354,.935,0,-.935,.354,0,0,0,1);es="Linear";ed="In";};["elbowr"]={cf=cfr(0,0,0,1,.002,0,-.002,1,0,0,0,1);es="Linear";ed="In";};["handr"]={cf=cfr(0,0,0,1,0,0,0,1,0,0,0,1);es="Linear";ed="In";};["itemr"]={cf=cfr(0,0,0,1,0,0,0,1,0,0,0,1);es="Linear";ed="In";};["head"]={cf=cfr(0,0,0,1,0,0,0,.997,-.082,0,.082,.997);es="Linear";ed="In";};["hipr"]={cf=cfr(0,0,0,1,0,0,0,1,0,0,0,1);es="Linear";ed="In";};["legr"]={cf=cfr(0,0,0,.929,.37,.003,-.37,.929,0,-.003,-.001,1);es="Linear";ed="In";};["footr"]={cf=cfr(0,0,0,.994,-.107,0,.107,.994,0,0,0,1);es="Linear";ed="In";};["hipl"]={cf=cfr(0,0,0,1,0,0,0,1,0,0,0,1);es="Linear";ed="In";};["legl"]={cf=cfr(0,0,0,.975,.222,0,-.222,.975,.002,0,-.002,1);es="Linear";ed="In";};["footl"]={cf=cfr(0,0,0,.907,.42,0,-.42,.907,0,0,0,1);es="Linear";ed="In";};["head_cat"]={cf=cfr(0,0,0,1,0,0,0,1,0,0,0,1);es="Linear";ed="In";};["tool_placeholder"]={cf=cfr(0,0,0,1,0,0,0,1,0,0,0,1);es="Linear";ed="In";};["body_main"]={cf=cfr(0,0,0,1,0,0,0,1,0,0,0,1);es="Linear";ed="In";};["Sprite3D"]={cf=cfr(0,0,0,1,0,0,0,1,0,0,0,1);es="Linear";ed="In";};["body"]={cf=cfr(0,0,0,1,0,0,0,1,0,0,0,1);es="Linear";ed="In";};["Spatial2"]={cf=cfr(0,0,0,1,0,0,0,1,0,0,0,1);es="Linear";ed="In";};["AnimationTree"]={cf=cfr(0,0,0,1,0,0,0,1,0,0,0,1);es="Linear";ed="In";};["glistening"]={cf=cfr(0,0,0,1,0,0,0,1,0,0,0,1);es="Linear";ed="In";};["Spatial"]={cf=cfr(0,0,0,1,0,0,0,1,0,0,0,1);es="Linear";ed="In";};["radiant"]={cf=cfr(0,0,0,1,0,0,0,1,0,0,0,1);es="Linear";ed="In";};["Armature"]={cf=cfr(0,0,0,1,0,0,0,1,0,0,0,1);es="Linear";ed="In";};["AnimationPlayer"]={cf=cfr(0,0,0,1,0,0,0,1,0,0,0,1);es="Linear";ed="In";};["footr_end"]={cf=cfr(0,0,0,1,0,0,0,1,0,0,0,1);es="Linear";ed="In";};["player_body"]={cf=cfr(0,0,0,1,0,0,0,1,0,0,0,1);es="Linear";ed="In";};["handl_end"]={cf=cfr(0,0,0,1,0,0,0,1,0,0,0,1);es="Linear";ed="In";};["RootNode"]={cf=cfr(0,0,0,-1,0,0,0,1,0,0,0,-1);es="Linear";ed="In";};["opulent"]={cf=cfr(0,0,0,1,0,0,0,1,0,0,0,1);es="Linear";ed="In";};["itemr_end"]={cf=cfr(0,0,0,1,0,0,0,1,0,0,0,1);es="Linear";ed="In";};["alpha"]={cf=cfr(0,0,0,1,0,0,0,1,0,0,0,1);es="Linear";ed="In";};["shining"]={cf=cfr(0,0,0,1,0,0,0,1,0,0,0,1);es="Linear";ed="In";};["head_end"]={cf=cfr(0,0,0,1,0,0,0,1,0,0,0,1);es="Linear";ed="In";};["footl_end"]={cf=cfr(0,0,0,1,0,0,0,1,0,0,0,1);es="Linear";ed="In";};};{tm=.208;["pelvis"]={cf=cfr(0,.018,-.001,1,0,0,0,.999,.049,0,-.049,.999);es="Linear";ed="In";};["torso"]={cf=cfr(0,0,0,1,0,0,0,.998,.061,0,-.061,.998);es="Linear";ed="In";};["shoulderl"]={cf=cfr(0,0,0,1,0,0,0,1,0,0,0,1);es="Linear";ed="In";};["arml"]={cf=cfr(0,0,0,.378,-.926,0,.926,.378,0,0,0,1);es="Linear";ed="In";};["elbowl"]={cf=cfr(0,0,0,.999,-.035,0,.035,.999,0,0,0,1);es="Linear";ed="In";};["handl"]={cf=cfr(0,0,0,1,0,0,0,1,0,0,0,1);es="Linear";ed="In";};["shoulderr"]={cf=cfr(0,0,0,1,0,0,0,1,0,0,0,1);es="Linear";ed="In";};["armr"]={cf=cfr(0,0,0,.354,.935,0,-.935,.354,0,0,0,1);es="Linear";ed="In";};["elbowr"]={cf=cfr(0,0,0,1,.002,0,-.002,1,0,0,0,1);es="Linear";ed="In";};["handr"]={cf=cfr(0,0,0,1,0,0,0,1,0,0,0,1);es="Linear";ed="In";};["itemr"]={cf=cfr(0,0,0,1,0,0,0,1,0,0,0,1);es="Linear";ed="In";};["head"]={cf=cfr(0,0,0,1,0,0,0,.996,-.089,0,.089,.996);es="Linear";ed="In";};["hipr"]={cf=cfr(0,0,0,1,0,0,0,1,0,0,0,1);es="Linear";ed="In";};["legr"]={cf=cfr(0,0,0,.979,.205,.001,-.205,.979,.001,-.001,-.001,1);es="Linear";ed="In";};["footr"]={cf=cfr(0,0,0,.999,-.035,0,.035,.999,0,0,0,1);es="Linear";ed="In";};["hipl"]={cf=cfr(0,0,0,1,0,0,0,1,0,0,0,1);es="Linear";ed="In";};["legl"]={cf=cfr(0,0,0,.995,.097,0,-.097,.995,.003,0,-.003,1);es="Linear";ed="In";};["footl"]={cf=cfr(0,0,0,.809,.588,0,-.588,.809,0,0,0,1);es="Linear";ed="In";};["head_cat"]={cf=cfr(0,0,0,1,0,0,0,1,0,0,0,1);es="Linear";ed="In";};["tool_placeholder"]={cf=cfr(0,0,0,1,0,0,0,1,0,0,0,1);es="Linear";ed="In";};["body_main"]={cf=cfr(0,0,0,1,0,0,0,1,0,0,0,1);es="Linear";ed="In";};["Sprite3D"]={cf=cfr(0,0,0,1,0,0,0,1,0,0,0,1);es="Linear";ed="In";};["body"]={cf=cfr(0,0,0,1,0,0,0,1,0,0,0,1);es="Linear";ed="In";};["Spatial2"]={cf=cfr(0,0,0,1,0,0,0,1,0,0,0,1);es="Linear";ed="In";};["AnimationTree"]={cf=cfr(0,0,0,1,0,0,0,1,0,0,0,1);es="Linear";ed="In";};["glistening"]={cf=cfr(0,0,0,1,0,0,0,1,0,0,0,1);es="Linear";ed="In";};["Spatial"]={cf=cfr(0,0,0,1,0,0,0,1,0,0,0,1);es="Linear";ed="In";};["radiant"]={cf=cfr(0,0,0,1,0,0,0,1,0,0,0,1);es="Linear";ed="In";};["Armature"]={cf=cfr(0,0,0,1,0,0,0,1,0,0,0,1);es="Linear";ed="In";};["AnimationPlayer"]={cf=cfr(0,0,0,1,0,0,0,1,0,0,0,1);es="Linear";ed="In";};["footr_end"]={cf=cfr(0,0,0,1,0,0,0,1,0,0,0,1);es="Linear";ed="In";};["player_body"]={cf=cfr(0,0,0,1,0,0,0,1,0,0,0,1);es="Linear";ed="In";};["handl_end"]={cf=cfr(0,0,0,1,0,0,0,1,0,0,0,1);es="Linear";ed="In";};["RootNode"]={cf=cfr(0,0,0,-1,0,0,0,1,0,0,0,-1);es="Linear";ed="In";};["opulent"]={cf=cfr(0,0,0,1,0,0,0,1,0,0,0,1);es="Linear";ed="In";};["itemr_end"]={cf=cfr(0,0,0,1,0,0,0,1,0,0,0,1);es="Linear";ed="In";};["alpha"]={cf=cfr(0,0,0,1,0,0,0,1,0,0,0,1);es="Linear";ed="In";};["shining"]={cf=cfr(0,0,0,1,0,0,0,1,0,0,0,1);es="Linear";ed="In";};["head_end"]={cf=cfr(0,0,0,1,0,0,0,1,0,0,0,1);es="Linear";ed="In";};["footl_end"]={cf=cfr(0,0,0,1,0,0,0,1,0,0,0,1);es="Linear";ed="In";};};{tm=.25;["pelvis"]={cf=cfr(0,.019,0,1,0,0,0,.999,.049,0,-.049,.999);es="Linear";ed="In";};["torso"]={cf=cfr(0,0,0,1,0,0,0,.998,.06,0,-.06,.998);es="Linear";ed="In";};["shoulderl"]={cf=cfr(0,0,0,1,0,0,0,1,0,0,0,1);es="Linear";ed="In";};["arml"]={cf=cfr(0,0,0,.378,-.926,0,.926,.378,0,0,0,1);es="Linear";ed="In";};["elbowl"]={cf=cfr(0,0,0,.999,-.035,0,.035,.999,0,0,0,1);es="Linear";ed="In";};["handl"]={cf=cfr(0,0,0,1,0,0,0,1,0,0,0,1);es="Linear";ed="In";};["shoulderr"]={cf=cfr(0,0,0,1,0,0,0,1,0,0,0,1);es="Linear";ed="In";};["armr"]={cf=cfr(0,0,0,.354,.935,0,-.935,.354,0,0,0,1);es="Linear";ed="In";};["elbowr"]={cf=cfr(0,0,0,1,.002,0,-.002,1,0,0,0,1);es="Linear";ed="In";};["handr"]={cf=cfr(0,0,0,1,0,0,0,1,0,0,0,1);es="Linear";ed="In";};["itemr"]={cf=cfr(0,0,0,1,0,0,0,1,0,0,0,1);es="Linear";ed="In";};["head"]={cf=cfr(0,0,0,1,0,0,0,.996,-.091,0,.091,.996);es="Linear";ed="In";};["hipr"]={cf=cfr(0,0,0,1,0,0,0,1,0,0,0,1);es="Linear";ed="In";};["legr"]={cf=cfr(0,0,0,1,.028,0,-.028,1,0,0,0,1);es="Linear";ed="In";};["footr"]={cf=cfr(0,0,0,1,-.002,0,.002,1,0,0,0,1);es="Linear";ed="In";};["hipl"]={cf=cfr(0,0,0,1,0,0,0,1,0,0,0,1);es="Linear";ed="In";};["legl"]={cf=cfr(0,0,0,.999,-.037,0,.037,.999,.004,0,-.004,1);es="Linear";ed="In";};["footl"]={cf=cfr(0,0,0,.775,.632,0,-.632,.775,0,0,0,1);es="Linear";ed="In";};["head_cat"]={cf=cfr(0,0,0,1,0,0,0,1,0,0,0,1);es="Linear";ed="In";};["tool_placeholder"]={cf=cfr(0,0,0,1,0,0,0,1,0,0,0,1);es="Linear";ed="In";};["body_main"]={cf=cfr(0,0,0,1,0,0,0,1,0,0,0,1);es="Linear";ed="In";};["Sprite3D"]={cf=cfr(0,0,0,1,0,0,0,1,0,0,0,1);es="Linear";ed="In";};["body"]={cf=cfr(0,0,0,1,0,0,0,1,0,0,0,1);es="Linear";ed="In";};["Spatial2"]={cf=cfr(0,0,0,1,0,0,0,1,0,0,0,1);es="Linear";ed="In";};["AnimationTree"]={cf=cfr(0,0,0,1,0,0,0,1,0,0,0,1);es="Linear";ed="In";};["glistening"]={cf=cfr(0,0,0,1,0,0,0,1,0,0,0,1);es="Linear";ed="In";};["Spatial"]={cf=cfr(0,0,0,1,0,0,0,1,0,0,0,1);es="Linear";ed="In";};["radiant"]={cf=cfr(0,0,0,1,0,0,0,1,0,0,0,1);es="Linear";ed="In";};["Armature"]={cf=cfr(0,0,0,1,0,0,0,1,0,0,0,1);es="Linear";ed="In";};["AnimationPlayer"]={cf=cfr(0,0,0,1,0,0,0,1,0,0,0,1);es="Linear";ed="In";};["footr_end"]={cf=cfr(0,0,0,1,0,0,0,1,0,0,0,1);es="Linear";ed="In";};["player_body"]={cf=cfr(0,0,0,1,0,0,0,1,0,0,0,1);es="Linear";ed="In";};["handl_end"]={cf=cfr(0,0,0,1,0,0,0,1,0,0,0,1);es="Linear";ed="In";};["RootNode"]={cf=cfr(0,0,0,-1,0,0,0,1,0,0,0,-1);es="Linear";ed="In";};["opulent"]={cf=cfr(0,0,0,1,0,0,0,1,0,0,0,1);es="Linear";ed="In";};["itemr_end"]={cf=cfr(0,0,0,1,0,0,0,1,0,0,0,1);es="Linear";ed="In";};["alpha"]={cf=cfr(0,0,0,1,0,0,0,1,0,0,0,1);es="Linear";ed="In";};["shining"]={cf=cfr(0,0,0,1,0,0,0,1,0,0,0,1);es="Linear";ed="In";};["head_end"]={cf=cfr(0,0,0,1,0,0,0,1,0,0,0,1);es="Linear";ed="In";};["footl_end"]={cf=cfr(0,0,0,1,0,0,0,1,0,0,0,1);es="Linear";ed="In";};};{tm=.292;["pelvis"]={cf=cfr(0,.016,0,1,0,0,0,.999,.049,0,-.049,.999);es="Linear";ed="In";};["torso"]={cf=cfr(0,0,0,1,0,0,0,.998,.062,0,-.062,.998);es="Linear";ed="In";};["shoulderl"]={cf=cfr(0,0,0,1,0,0,0,1,0,0,0,1);es="Linear";ed="In";};["arml"]={cf=cfr(0,0,0,.378,-.926,0,.926,.378,0,0,0,1);es="Linear";ed="In";};["elbowl"]={cf=cfr(0,0,0,.999,-.035,0,.035,.999,0,0,0,1);es="Linear";ed="In";};["handl"]={cf=cfr(0,0,0,1,0,0,0,1,0,0,0,1);es="Linear";ed="In";};["shoulderr"]={cf=cfr(0,0,0,1,0,0,0,1,0,0,0,1);es="Linear";ed="In";};["armr"]={cf=cfr(0,0,0,.354,.935,0,-.935,.354,0,0,0,1);es="Linear";ed="In";};["elbowr"]={cf=cfr(0,0,0,1,.002,0,-.002,1,0,0,0,1);es="Linear";ed="In";};["handr"]={cf=cfr(0,0,0,1,0,0,0,1,0,0,0,1);es="Linear";ed="In";};["itemr"]={cf=cfr(0,0,0,1,0,0,0,1,0,0,0,1);es="Linear";ed="In";};["head"]={cf=cfr(0,0,0,1,0,0,0,.996,-.088,0,.088,.996);es="Linear";ed="In";};["hipr"]={cf=cfr(0,0,0,1,0,0,0,1,0,0,0,1);es="Linear";ed="In";};["legr"]={cf=cfr(0,0,0,.991,-.136,0,.136,.991,.001,0,-.001,1);es="Linear";ed="In";};["footr"]={cf=cfr(0,0,0,1,.005,0,-.005,1,0,0,0,1);es="Linear";ed="In";};["hipl"]={cf=cfr(0,0,0,1,0,0,0,1,0,0,0,1);es="Linear";ed="In";};["legl"]={cf=cfr(0,0,0,.986,-.168,-.001,.168,.986,.003,0,-.003,1);es="Linear";ed="In";};["footl"]={cf=cfr(0,0,0,.85,.527,0,-.527,.85,0,0,0,1);es="Linear";ed="In";};["head_cat"]={cf=cfr(0,0,0,1,0,0,0,1,0,0,0,1);es="Linear";ed="In";};["tool_placeholder"]={cf=cfr(0,0,0,1,0,0,0,1,0,0,0,1);es="Linear";ed="In";};["body_main"]={cf=cfr(0,0,0,1,0,0,0,1,0,0,0,1);es="Linear";ed="In";};["Sprite3D"]={cf=cfr(0,0,0,1,0,0,0,1,0,0,0,1);es="Linear";ed="In";};["body"]={cf=cfr(0,0,0,1,0,0,0,1,0,0,0,1);es="Linear";ed="In";};["Spatial2"]={cf=cfr(0,0,0,1,0,0,0,1,0,0,0,1);es="Linear";ed="In";};["AnimationTree"]={cf=cfr(0,0,0,1,0,0,0,1,0,0,0,1);es="Linear";ed="In";};["glistening"]={cf=cfr(0,0,0,1,0,0,0,1,0,0,0,1);es="Linear";ed="In";};["Spatial"]={cf=cfr(0,0,0,1,0,0,0,1,0,0,0,1);es="Linear";ed="In";};["radiant"]={cf=cfr(0,0,0,1,0,0,0,1,0,0,0,1);es="Linear";ed="In";};["Armature"]={cf=cfr(0,0,0,1,0,0,0,1,0,0,0,1);es="Linear";ed="In";};["AnimationPlayer"]={cf=cfr(0,0,0,1,0,0,0,1,0,0,0,1);es="Linear";ed="In";};["footr_end"]={cf=cfr(0,0,0,1,0,0,0,1,0,0,0,1);es="Linear";ed="In";};["player_body"]={cf=cfr(0,0,0,1,0,0,0,1,0,0,0,1);es="Linear";ed="In";};["handl_end"]={cf=cfr(0,0,0,1,0,0,0,1,0,0,0,1);es="Linear";ed="In";};["RootNode"]={cf=cfr(0,0,0,-1,0,0,0,1,0,0,0,-1);es="Linear";ed="In";};["opulent"]={cf=cfr(0,0,0,1,0,0,0,1,0,0,0,1);es="Linear";ed="In";};["itemr_end"]={cf=cfr(0,0,0,1,0,0,0,1,0,0,0,1);es="Linear";ed="In";};["alpha"]={cf=cfr(0,0,0,1,0,0,0,1,0,0,0,1);es="Linear";ed="In";};["shining"]={cf=cfr(0,0,0,1,0,0,0,1,0,0,0,1);es="Linear";ed="In";};["head_end"]={cf=cfr(0,0,0,1,0,0,0,1,0,0,0,1);es="Linear";ed="In";};["footl_end"]={cf=cfr(0,0,0,1,0,0,0,1,0,0,0,1);es="Linear";ed="In";};};{tm=.333;["pelvis"]={cf=cfr(0,.01,0,1,0,0,0,.999,.049,0,-.049,.999);es="Linear";ed="In";};["torso"]={cf=cfr(0,0,0,1,0,0,0,.998,.065,0,-.065,.998);es="Linear";ed="In";};["shoulderl"]={cf=cfr(0,0,0,1,0,0,0,1,0,0,0,1);es="Linear";ed="In";};["arml"]={cf=cfr(0,0,0,.378,-.926,0,.926,.378,0,0,0,1);es="Linear";ed="In";};["elbowl"]={cf=cfr(0,0,0,.999,-.035,0,.035,.999,0,0,0,1);es="Linear";ed="In";};["handl"]={cf=cfr(0,0,0,1,0,0,0,1,0,0,0,1);es="Linear";ed="In";};["shoulderr"]={cf=cfr(0,0,0,1,0,0,0,1,0,0,0,1);es="Linear";ed="In";};["armr"]={cf=cfr(0,0,0,.354,.935,0,-.935,.354,0,0,0,1);es="Linear";ed="In";};["elbowr"]={cf=cfr(0,0,0,1,.002,0,-.002,1,0,0,0,1);es="Linear";ed="In";};["handr"]={cf=cfr(0,0,0,1,0,0,0,1,0,0,0,1);es="Linear";ed="In";};["itemr"]={cf=cfr(0,0,0,1,0,0,0,1,0,0,0,1);es="Linear";ed="In";};["head"]={cf=cfr(0,0,0,1,0,0,0,.997,-.082,0,.082,.997);es="Linear";ed="In";};["hipr"]={cf=cfr(0,0,0,1,0,0,0,1,0,0,0,1);es="Linear";ed="In";};["legr"]={cf=cfr(0,0,0,.957,-.289,0,.289,.957,0,0,0,1);es="Linear";ed="In";};["footr"]={cf=cfr(0,0,0,1,-.006,0,.006,1,0,0,0,1);es="Linear";ed="In";};["hipl"]={cf=cfr(0,0,0,1,0,0,0,1,0,0,0,1);es="Linear";ed="In";};["legl"]={cf=cfr(0,0,0,.955,-.297,-.001,.297,.955,.002,0,-.002,1);es="Linear";ed="In";};["footl"]={cf=cfr(0,0,0,.954,.299,0,-.299,.954,0,0,0,1);es="Linear";ed="In";};["head_cat"]={cf=cfr(0,0,0,1,0,0,0,1,0,0,0,1);es="Linear";ed="In";};["tool_placeholder"]={cf=cfr(0,0,0,1,0,0,0,1,0,0,0,1);es="Linear";ed="In";};["body_main"]={cf=cfr(0,0,0,1,0,0,0,1,0,0,0,1);es="Linear";ed="In";};["Sprite3D"]={cf=cfr(0,0,0,1,0,0,0,1,0,0,0,1);es="Linear";ed="In";};["body"]={cf=cfr(0,0,0,1,0,0,0,1,0,0,0,1);es="Linear";ed="In";};["Spatial2"]={cf=cfr(0,0,0,1,0,0,0,1,0,0,0,1);es="Linear";ed="In";};["AnimationTree"]={cf=cfr(0,0,0,1,0,0,0,1,0,0,0,1);es="Linear";ed="In";};["glistening"]={cf=cfr(0,0,0,1,0,0,0,1,0,0,0,1);es="Linear";ed="In";};["Spatial"]={cf=cfr(0,0,0,1,0,0,0,1,0,0,0,1);es="Linear";ed="In";};["radiant"]={cf=cfr(0,0,0,1,0,0,0,1,0,0,0,1);es="Linear";ed="In";};["Armature"]={cf=cfr(0,0,0,1,0,0,0,1,0,0,0,1);es="Linear";ed="In";};["AnimationPlayer"]={cf=cfr(0,0,0,1,0,0,0,1,0,0,0,1);es="Linear";ed="In";};["footr_end"]={cf=cfr(0,0,0,1,0,0,0,1,0,0,0,1);es="Linear";ed="In";};["player_body"]={cf=cfr(0,0,0,1,0,0,0,1,0,0,0,1);es="Linear";ed="In";};["handl_end"]={cf=cfr(0,0,0,1,0,0,0,1,0,0,0,1);es="Linear";ed="In";};["RootNode"]={cf=cfr(0,0,0,-1,0,0,0,1,0,0,0,-1);es="Linear";ed="In";};["opulent"]={cf=cfr(0,0,0,1,0,0,0,1,0,0,0,1);es="Linear";ed="In";};["itemr_end"]={cf=cfr(0,0,0,1,0,0,0,1,0,0,0,1);es="Linear";ed="In";};["alpha"]={cf=cfr(0,0,0,1,0,0,0,1,0,0,0,1);es="Linear";ed="In";};["shining"]={cf=cfr(0,0,0,1,0,0,0,1,0,0,0,1);es="Linear";ed="In";};["head_end"]={cf=cfr(0,0,0,1,0,0,0,1,0,0,0,1);es="Linear";ed="In";};["footl_end"]={cf=cfr(0,0,0,1,0,0,0,1,0,0,0,1);es="Linear";ed="In";};};{tm=.375;["pelvis"]={cf=cfr(0,0,0,1,0,0,0,.999,.049,0,-.049,.999);es="Linear";ed="In";};["torso"]={cf=cfr(0,0,0,1,0,0,0,.998,.07,0,-.07,.998);es="Linear";ed="In";};["shoulderl"]={cf=cfr(0,0,0,1,0,0,0,1,0,0,0,1);es="Linear";ed="In";};["arml"]={cf=cfr(0,0,0,.378,-.926,0,.926,.378,0,0,0,1);es="Linear";ed="In";};["elbowl"]={cf=cfr(0,0,0,.999,-.035,0,.035,.999,0,0,0,1);es="Linear";ed="In";};["handl"]={cf=cfr(0,0,0,1,0,0,0,1,0,0,0,1);es="Linear";ed="In";};["shoulderr"]={cf=cfr(0,0,0,1,0,0,0,1,0,0,0,1);es="Linear";ed="In";};["armr"]={cf=cfr(0,0,0,.354,.935,0,-.935,.354,0,0,0,1);es="Linear";ed="In";};["elbowr"]={cf=cfr(0,0,0,1,.002,0,-.002,1,0,0,0,1);es="Linear";ed="In";};["handr"]={cf=cfr(0,0,0,1,0,0,0,1,0,0,0,1);es="Linear";ed="In";};["itemr"]={cf=cfr(0,0,0,1,0,0,0,1,0,0,0,1);es="Linear";ed="In";};["head"]={cf=cfr(0,0,0,1,0,0,0,.997,-.072,0,.072,.997);es="Linear";ed="In";};["hipr"]={cf=cfr(0,0,0,1,0,0,0,1,0,0,0,1);es="Linear";ed="In";};["legr"]={cf=cfr(0,0,0,.924,-.382,0,.382,.924,0,0,0,1);es="Linear";ed="In";};["footr"]={cf=cfr(0,0,0,1,-.017,0,.017,1,0,0,0,1);es="Linear";ed="In";};["hipl"]={cf=cfr(0,0,0,1,0,0,0,1,0,0,0,1);es="Linear";ed="In";};["legl"]={cf=cfr(0,0,0,.906,-.423,-.001,.423,.906,0,.001,0,1);es="Linear";ed="In";};["footl"]={cf=cfr(0,0,0,.986,.165,0,-.165,.986,.001,0,-.001,1);es="Linear";ed="In";};["head_cat"]={cf=cfr(0,0,0,1,0,0,0,1,0,0,0,1);es="Linear";ed="In";};["tool_placeholder"]={cf=cfr(0,0,0,1,0,0,0,1,0,0,0,1);es="Linear";ed="In";};["body_main"]={cf=cfr(0,0,0,1,0,0,0,1,0,0,0,1);es="Linear";ed="In";};["Sprite3D"]={cf=cfr(0,0,0,1,0,0,0,1,0,0,0,1);es="Linear";ed="In";};["body"]={cf=cfr(0,0,0,1,0,0,0,1,0,0,0,1);es="Linear";ed="In";};["Spatial2"]={cf=cfr(0,0,0,1,0,0,0,1,0,0,0,1);es="Linear";ed="In";};["AnimationTree"]={cf=cfr(0,0,0,1,0,0,0,1,0,0,0,1);es="Linear";ed="In";};["glistening"]={cf=cfr(0,0,0,1,0,0,0,1,0,0,0,1);es="Linear";ed="In";};["Spatial"]={cf=cfr(0,0,0,1,0,0,0,1,0,0,0,1);es="Linear";ed="In";};["radiant"]={cf=cfr(0,0,0,1,0,0,0,1,0,0,0,1);es="Linear";ed="In";};["Armature"]={cf=cfr(0,0,0,1,0,0,0,1,0,0,0,1);es="Linear";ed="In";};["AnimationPlayer"]={cf=cfr(0,0,0,1,0,0,0,1,0,0,0,1);es="Linear";ed="In";};["footr_end"]={cf=cfr(0,0,0,1,0,0,0,1,0,0,0,1);es="Linear";ed="In";};["player_body"]={cf=cfr(0,0,0,1,0,0,0,1,0,0,0,1);es="Linear";ed="In";};["handl_end"]={cf=cfr(0,0,0,1,0,0,0,1,0,0,0,1);es="Linear";ed="In";};["RootNode"]={cf=cfr(0,0,0,-1,0,0,0,1,0,0,0,-1);es="Linear";ed="In";};["opulent"]={cf=cfr(0,0,0,1,0,0,0,1,0,0,0,1);es="Linear";ed="In";};["itemr_end"]={cf=cfr(0,0,0,1,0,0,0,1,0,0,0,1);es="Linear";ed="In";};["alpha"]={cf=cfr(0,0,0,1,0,0,0,1,0,0,0,1);es="Linear";ed="In";};["shining"]={cf=cfr(0,0,0,1,0,0,0,1,0,0,0,1);es="Linear";ed="In";};["head_end"]={cf=cfr(0,0,0,1,0,0,0,1,0,0,0,1);es="Linear";ed="In";};["footl_end"]={cf=cfr(0,0,0,1,0,0,0,1,0,0,0,1);es="Linear";ed="In";};};{tm=.417;["pelvis"]={cf=cfr(0,-.01,0,1,0,0,0,.999,.049,0,-.049,.999);es="Linear";ed="In";};["torso"]={cf=cfr(0,0,0,1,0,0,0,.997,.075,0,-.075,.997);es="Linear";ed="In";};["shoulderl"]={cf=cfr(0,0,0,1,0,0,0,1,0,0,0,1);es="Linear";ed="In";};["arml"]={cf=cfr(0,0,0,.378,-.926,0,.926,.378,0,0,0,1);es="Linear";ed="In";};["elbowl"]={cf=cfr(0,0,0,.999,-.035,0,.035,.999,0,0,0,1);es="Linear";ed="In";};["handl"]={cf=cfr(0,0,0,1,0,0,0,1,0,0,0,1);es="Linear";ed="In";};["shoulderr"]={cf=cfr(0,0,0,1,0,0,0,1,0,0,0,1);es="Linear";ed="In";};["armr"]={cf=cfr(0,0,0,.354,.935,0,-.935,.354,0,0,0,1);es="Linear";ed="In";};["elbowr"]={cf=cfr(0,0,0,1,.002,0,-.002,1,0,0,0,1);es="Linear";ed="In";};["handr"]={cf=cfr(0,0,0,1,0,0,0,1,0,0,0,1);es="Linear";ed="In";};["itemr"]={cf=cfr(0,0,0,1,0,0,0,1,0,0,0,1);es="Linear";ed="In";};["head"]={cf=cfr(0,0,0,1,0,0,0,.998,-.063,0,.063,.998);es="Linear";ed="In";};["hipr"]={cf=cfr(0,0,0,1,0,0,0,1,0,0,0,1);es="Linear";ed="In";};["legr"]={cf=cfr(0,0,0,.893,-.451,.001,.451,.893,-.002,0,.002,1);es="Linear";ed="In";};["footr"]={cf=cfr(0,0,0,1,-.03,0,.03,1,0,0,0,1);es="Linear";ed="In";};["hipl"]={cf=cfr(0,0,0,1,0,0,0,1,0,0,0,1);es="Linear";ed="In";};["legl"]={cf=cfr(0,0,0,.847,-.532,-.003,.532,.847,0,.002,-.001,1);es="Linear";ed="In";};["footl"]={cf=cfr(0,0,0,.997,.076,0,-.076,.997,.002,0,-.002,1);es="Linear";ed="In";};["head_cat"]={cf=cfr(0,0,0,1,0,0,0,1,0,0,0,1);es="Linear";ed="In";};["tool_placeholder"]={cf=cfr(0,0,0,1,0,0,0,1,0,0,0,1);es="Linear";ed="In";};["body_main"]={cf=cfr(0,0,0,1,0,0,0,1,0,0,0,1);es="Linear";ed="In";};["Sprite3D"]={cf=cfr(0,0,0,1,0,0,0,1,0,0,0,1);es="Linear";ed="In";};["body"]={cf=cfr(0,0,0,1,0,0,0,1,0,0,0,1);es="Linear";ed="In";};["Spatial2"]={cf=cfr(0,0,0,1,0,0,0,1,0,0,0,1);es="Linear";ed="In";};["AnimationTree"]={cf=cfr(0,0,0,1,0,0,0,1,0,0,0,1);es="Linear";ed="In";};["glistening"]={cf=cfr(0,0,0,1,0,0,0,1,0,0,0,1);es="Linear";ed="In";};["Spatial"]={cf=cfr(0,0,0,1,0,0,0,1,0,0,0,1);es="Linear";ed="In";};["radiant"]={cf=cfr(0,0,0,1,0,0,0,1,0,0,0,1);es="Linear";ed="In";};["Armature"]={cf=cfr(0,0,0,1,0,0,0,1,0,0,0,1);es="Linear";ed="In";};["AnimationPlayer"]={cf=cfr(0,0,0,1,0,0,0,1,0,0,0,1);es="Linear";ed="In";};["footr_end"]={cf=cfr(0,0,0,1,0,0,0,1,0,0,0,1);es="Linear";ed="In";};["player_body"]={cf=cfr(0,0,0,1,0,0,0,1,0,0,0,1);es="Linear";ed="In";};["handl_end"]={cf=cfr(0,0,0,1,0,0,0,1,0,0,0,1);es="Linear";ed="In";};["RootNode"]={cf=cfr(0,0,0,-1,0,0,0,1,0,0,0,-1);es="Linear";ed="In";};["opulent"]={cf=cfr(0,0,0,1,0,0,0,1,0,0,0,1);es="Linear";ed="In";};["itemr_end"]={cf=cfr(0,0,0,1,0,0,0,1,0,0,0,1);es="Linear";ed="In";};["alpha"]={cf=cfr(0,0,0,1,0,0,0,1,0,0,0,1);es="Linear";ed="In";};["shining"]={cf=cfr(0,0,0,1,0,0,0,1,0,0,0,1);es="Linear";ed="In";};["head_end"]={cf=cfr(0,0,0,1,0,0,0,1,0,0,0,1);es="Linear";ed="In";};["footl_end"]={cf=cfr(0,0,0,1,0,0,0,1,0,0,0,1);es="Linear";ed="In";};};{tm=.458;["pelvis"]={cf=cfr(0,-.018,0,1,0,0,0,.999,.049,0,-.049,.999);es="Linear";ed="In";};["torso"]={cf=cfr(0,0,0,1,0,0,0,.997,.08,0,-.08,.997);es="Linear";ed="In";};["shoulderl"]={cf=cfr(0,0,0,1,0,0,0,1,0,0,0,1);es="Linear";ed="In";};["arml"]={cf=cfr(0,0,0,.378,-.926,0,.926,.378,0,0,0,1);es="Linear";ed="In";};["elbowl"]={cf=cfr(0,0,0,.999,-.035,0,.035,.999,0,0,0,1);es="Linear";ed="In";};["handl"]={cf=cfr(0,0,0,1,0,0,0,1,0,0,0,1);es="Linear";ed="In";};["shoulderr"]={cf=cfr(0,0,0,1,0,0,0,1,0,0,0,1);es="Linear";ed="In";};["armr"]={cf=cfr(0,0,0,.354,.935,0,-.935,.354,0,0,0,1);es="Linear";ed="In";};["elbowr"]={cf=cfr(0,0,0,1,.002,0,-.002,1,0,0,0,1);es="Linear";ed="In";};["handr"]={cf=cfr(0,0,0,1,0,0,0,1,0,0,0,1);es="Linear";ed="In";};["itemr"]={cf=cfr(0,0,0,1,0,0,0,1,0,0,0,1);es="Linear";ed="In";};["head"]={cf=cfr(0,0,0,1,0,0,0,.998,-.055,0,.055,.998);es="Linear";ed="In";};["hipr"]={cf=cfr(0,0,0,1,0,0,0,1,0,0,0,1);es="Linear";ed="In";};["legr"]={cf=cfr(0,0,0,.874,-.486,.002,.486,.874,-.003,0,.004,1);es="Linear";ed="In";};["footr"]={cf=cfr(0,0,0,.999,-.046,0,.046,.999,0,0,0,1);es="Linear";ed="In";};["hipl"]={cf=cfr(0,0,0,1,0,0,0,1,0,0,0,1);es="Linear";ed="In";};["legl"]={cf=cfr(0,0,0,.785,-.619,-.006,.619,.785,0,.005,-.003,1);es="Linear";ed="In";};["footl"]={cf=cfr(0,0,0,.998,.058,-.001,-.058,.998,.004,.001,-.004,1);es="Linear";ed="In";};["head_cat"]={cf=cfr(0,0,0,1,0,0,0,1,0,0,0,1);es="Linear";ed="In";};["tool_placeholder"]={cf=cfr(0,0,0,1,0,0,0,1,0,0,0,1);es="Linear";ed="In";};["body_main"]={cf=cfr(0,0,0,1,0,0,0,1,0,0,0,1);es="Linear";ed="In";};["Sprite3D"]={cf=cfr(0,0,0,1,0,0,0,1,0,0,0,1);es="Linear";ed="In";};["body"]={cf=cfr(0,0,0,1,0,0,0,1,0,0,0,1);es="Linear";ed="In";};["Spatial2"]={cf=cfr(0,0,0,1,0,0,0,1,0,0,0,1);es="Linear";ed="In";};["AnimationTree"]={cf=cfr(0,0,0,1,0,0,0,1,0,0,0,1);es="Linear";ed="In";};["glistening"]={cf=cfr(0,0,0,1,0,0,0,1,0,0,0,1);es="Linear";ed="In";};["Spatial"]={cf=cfr(0,0,0,1,0,0,0,1,0,0,0,1);es="Linear";ed="In";};["radiant"]={cf=cfr(0,0,0,1,0,0,0,1,0,0,0,1);es="Linear";ed="In";};["Armature"]={cf=cfr(0,0,0,1,0,0,0,1,0,0,0,1);es="Linear";ed="In";};["AnimationPlayer"]={cf=cfr(0,0,0,1,0,0,0,1,0,0,0,1);es="Linear";ed="In";};["footr_end"]={cf=cfr(0,0,0,1,0,0,0,1,0,0,0,1);es="Linear";ed="In";};["player_body"]={cf=cfr(0,0,0,1,0,0,0,1,0,0,0,1);es="Linear";ed="In";};["handl_end"]={cf=cfr(0,0,0,1,0,0,0,1,0,0,0,1);es="Linear";ed="In";};["RootNode"]={cf=cfr(0,0,0,-1,0,0,0,1,0,0,0,-1);es="Linear";ed="In";};["opulent"]={cf=cfr(0,0,0,1,0,0,0,1,0,0,0,1);es="Linear";ed="In";};["itemr_end"]={cf=cfr(0,0,0,1,0,0,0,1,0,0,0,1);es="Linear";ed="In";};["alpha"]={cf=cfr(0,0,0,1,0,0,0,1,0,0,0,1);es="Linear";ed="In";};["shining"]={cf=cfr(0,0,0,1,0,0,0,1,0,0,0,1);es="Linear";ed="In";};["head_end"]={cf=cfr(0,0,0,1,0,0,0,1,0,0,0,1);es="Linear";ed="In";};["footl_end"]={cf=cfr(0,0,0,1,0,0,0,1,0,0,0,1);es="Linear";ed="In";};};{tm=.5;["pelvis"]={cf=cfr(0,-.02,0,1,0,0,0,.999,.049,0,-.049,.999);es="Linear";ed="In";};["torso"]={cf=cfr(0,0,0,1,0,0,0,.997,.08,0,-.08,.997);es="Linear";ed="In";};["shoulderl"]={cf=cfr(0,0,0,1,0,0,0,1,0,0,0,1);es="Linear";ed="In";};["arml"]={cf=cfr(0,0,0,.378,-.926,0,.926,.378,0,0,0,1);es="Linear";ed="In";};["elbowl"]={cf=cfr(0,0,0,.999,-.035,0,.035,.999,0,0,0,1);es="Linear";ed="In";};["handl"]={cf=cfr(0,0,0,1,0,0,0,1,0,0,0,1);es="Linear";ed="In";};["shoulderr"]={cf=cfr(0,0,0,1,0,0,0,1,0,0,0,1);es="Linear";ed="In";};["armr"]={cf=cfr(0,0,0,.354,.935,0,-.935,.354,0,0,0,1);es="Linear";ed="In";};["elbowr"]={cf=cfr(0,0,0,1,.002,0,-.002,1,0,0,0,1);es="Linear";ed="In";};["handr"]={cf=cfr(0,0,0,1,0,0,0,1,0,0,0,1);es="Linear";ed="In";};["itemr"]={cf=cfr(0,0,0,1,0,0,0,1,0,0,0,1);es="Linear";ed="In";};["head"]={cf=cfr(0,0,0,1,0,0,0,.999,-.054,0,.054,.999);es="Linear";ed="In";};["hipr"]={cf=cfr(0,0,0,1,0,0,0,1,0,0,0,1);es="Linear";ed="In";};["legr"]={cf=cfr(0,0,0,.872,-.489,.002,.489,.872,-.004,0,.004,1);es="Linear";ed="In";};["footr"]={cf=cfr(0,0,0,.993,-.118,0,.118,.993,0,0,0,1);es="Linear";ed="In";};["hipl"]={cf=cfr(0,0,0,1,0,0,0,1,0,0,0,1);es="Linear";ed="In";};["legl"]={cf=cfr(0,0,0,.768,-.64,-.007,.64,.768,-.001,.006,-.003,1);es="Linear";ed="In";};["footl"]={cf=cfr(0,0,0,.996,.087,-.001,-.087,.996,.004,.001,-.004,1);es="Linear";ed="In";};["head_cat"]={cf=cfr(0,0,0,1,0,0,0,1,0,0,0,1);es="Linear";ed="In";};["tool_placeholder"]={cf=cfr(0,0,0,1,0,0,0,1,0,0,0,1);es="Linear";ed="In";};["body_main"]={cf=cfr(0,0,0,1,0,0,0,1,0,0,0,1);es="Linear";ed="In";};["Sprite3D"]={cf=cfr(0,0,0,1,0,0,0,1,0,0,0,1);es="Linear";ed="In";};["body"]={cf=cfr(0,0,0,1,0,0,0,1,0,0,0,1);es="Linear";ed="In";};["Spatial2"]={cf=cfr(0,0,0,1,0,0,0,1,0,0,0,1);es="Linear";ed="In";};["AnimationTree"]={cf=cfr(0,0,0,1,0,0,0,1,0,0,0,1);es="Linear";ed="In";};["glistening"]={cf=cfr(0,0,0,1,0,0,0,1,0,0,0,1);es="Linear";ed="In";};["Spatial"]={cf=cfr(0,0,0,1,0,0,0,1,0,0,0,1);es="Linear";ed="In";};["radiant"]={cf=cfr(0,0,0,1,0,0,0,1,0,0,0,1);es="Linear";ed="In";};["Armature"]={cf=cfr(0,0,0,1,0,0,0,1,0,0,0,1);es="Linear";ed="In";};["AnimationPlayer"]={cf=cfr(0,0,0,1,0,0,0,1,0,0,0,1);es="Linear";ed="In";};["footr_end"]={cf=cfr(0,0,0,1,0,0,0,1,0,0,0,1);es="Linear";ed="In";};["player_body"]={cf=cfr(0,0,0,1,0,0,0,1,0,0,0,1);es="Linear";ed="In";};["handl_end"]={cf=cfr(0,0,0,1,0,0,0,1,0,0,0,1);es="Linear";ed="In";};["RootNode"]={cf=cfr(0,0,0,-1,0,0,0,1,0,0,0,-1);es="Linear";ed="In";};["opulent"]={cf=cfr(0,0,0,1,0,0,0,1,0,0,0,1);es="Linear";ed="In";};["itemr_end"]={cf=cfr(0,0,0,1,0,0,0,1,0,0,0,1);es="Linear";ed="In";};["alpha"]={cf=cfr(0,0,0,1,0,0,0,1,0,0,0,1);es="Linear";ed="In";};["shining"]={cf=cfr(0,0,0,1,0,0,0,1,0,0,0,1);es="Linear";ed="In";};["head_end"]={cf=cfr(0,0,0,1,0,0,0,1,0,0,0,1);es="Linear";ed="In";};["footl_end"]={cf=cfr(0,0,0,1,0,0,0,1,0,0,0,1);es="Linear";ed="In";};};{tm=.542;["pelvis"]={cf=cfr(0,-.019,0,1,0,0,0,.999,.049,0,-.049,.999);es="Linear";ed="In";};["torso"]={cf=cfr(0,0,0,1,0,0,0,.997,.08,0,-.08,.997);es="Linear";ed="In";};["shoulderl"]={cf=cfr(0,0,0,1,0,0,0,1,0,0,0,1);es="Linear";ed="In";};["arml"]={cf=cfr(0,0,0,.378,-.926,0,.926,.378,0,0,0,1);es="Linear";ed="In";};["elbowl"]={cf=cfr(0,0,0,.999,-.035,0,.035,.999,0,0,0,1);es="Linear";ed="In";};["handl"]={cf=cfr(0,0,0,1,0,0,0,1,0,0,0,1);es="Linear";ed="In";};["shoulderr"]={cf=cfr(0,0,0,1,0,0,0,1,0,0,0,1);es="Linear";ed="In";};["armr"]={cf=cfr(0,0,0,.354,.935,0,-.935,.354,0,0,0,1);es="Linear";ed="In";};["elbowr"]={cf=cfr(0,0,0,1,.002,0,-.002,1,0,0,0,1);es="Linear";ed="In";};["handr"]={cf=cfr(0,0,0,1,0,0,0,1,0,0,0,1);es="Linear";ed="In";};["itemr"]={cf=cfr(0,0,0,1,0,0,0,1,0,0,0,1);es="Linear";ed="In";};["head"]={cf=cfr(0,0,0,1,0,0,0,.999,-.054,0,.054,.999);es="Linear";ed="In";};["hipr"]={cf=cfr(0,0,0,1,0,0,0,1,0,0,0,1);es="Linear";ed="In";};["legr"]={cf=cfr(0,0,0,.88,-.474,.002,.474,.88,-.004,0,.004,1);es="Linear";ed="In";};["footr"]={cf=cfr(0,0,0,.975,-.224,0,.224,.975,0,0,0,1);es="Linear";ed="In";};["hipl"]={cf=cfr(0,0,0,1,0,0,0,1,0,0,0,1);es="Linear";ed="In";};["legl"]={cf=cfr(0,0,0,.775,-.632,-.008,.632,.775,-.001,.006,-.004,1);es="Linear";ed="In";};["footl"]={cf=cfr(0,0,0,.99,.144,-.001,-.144,.99,.004,.001,-.004,1);es="Linear";ed="In";};["head_cat"]={cf=cfr(0,0,0,1,0,0,0,1,0,0,0,1);es="Linear";ed="In";};["tool_placeholder"]={cf=cfr(0,0,0,1,0,0,0,1,0,0,0,1);es="Linear";ed="In";};["body_main"]={cf=cfr(0,0,0,1,0,0,0,1,0,0,0,1);es="Linear";ed="In";};["Sprite3D"]={cf=cfr(0,0,0,1,0,0,0,1,0,0,0,1);es="Linear";ed="In";};["body"]={cf=cfr(0,0,0,1,0,0,0,1,0,0,0,1);es="Linear";ed="In";};["Spatial2"]={cf=cfr(0,0,0,1,0,0,0,1,0,0,0,1);es="Linear";ed="In";};["AnimationTree"]={cf=cfr(0,0,0,1,0,0,0,1,0,0,0,1);es="Linear";ed="In";};["glistening"]={cf=cfr(0,0,0,1,0,0,0,1,0,0,0,1);es="Linear";ed="In";};["Spatial"]={cf=cfr(0,0,0,1,0,0,0,1,0,0,0,1);es="Linear";ed="In";};["radiant"]={cf=cfr(0,0,0,1,0,0,0,1,0,0,0,1);es="Linear";ed="In";};["Armature"]={cf=cfr(0,0,0,1,0,0,0,1,0,0,0,1);es="Linear";ed="In";};["AnimationPlayer"]={cf=cfr(0,0,0,1,0,0,0,1,0,0,0,1);es="Linear";ed="In";};["footr_end"]={cf=cfr(0,0,0,1,0,0,0,1,0,0,0,1);es="Linear";ed="In";};["player_body"]={cf=cfr(0,0,0,1,0,0,0,1,0,0,0,1);es="Linear";ed="In";};["handl_end"]={cf=cfr(0,0,0,1,0,0,0,1,0,0,0,1);es="Linear";ed="In";};["RootNode"]={cf=cfr(0,0,0,-1,0,0,0,1,0,0,0,-1);es="Linear";ed="In";};["opulent"]={cf=cfr(0,0,0,1,0,0,0,1,0,0,0,1);es="Linear";ed="In";};["itemr_end"]={cf=cfr(0,0,0,1,0,0,0,1,0,0,0,1);es="Linear";ed="In";};["alpha"]={cf=cfr(0,0,0,1,0,0,0,1,0,0,0,1);es="Linear";ed="In";};["shining"]={cf=cfr(0,0,0,1,0,0,0,1,0,0,0,1);es="Linear";ed="In";};["head_end"]={cf=cfr(0,0,0,1,0,0,0,1,0,0,0,1);es="Linear";ed="In";};["footl_end"]={cf=cfr(0,0,0,1,0,0,0,1,0,0,0,1);es="Linear";ed="In"